{"asset":{"version":"2.0","generator":"THREE.GLTFExporter"},"scenes":[{"name":"AuxScene","nodes":[585]}],"scene":0,"nodes":[{"name":"VtxBarrelModuleInner_0","mesh":0},{"matrix":[1,0,0,0,0,1,0,0,0,0,1,0,0,0,-0.008150000000000003,1]},{"matrix":[1,0,0,0,0,1,0,0,0,0,1,0,0,0,0.007349999999999997,1]},{"matrix":[1,0,0,0,0,1,0,0,0,0,1,0,0,0,0.014499999999999999,1]},{"matrix":[1,0,0,0,0,1,0,0,0,0,1,0,0,0,0.02015,1]},{"matrix":[0.2588196364430847,-0.9659256678396478,0,0,0,-2.220446049250313e-16,-1.0000000000000002,0,0.9659256678396478,0.25881963644308487,-2.220446049250313e-16,0,1.45371813009867,0.3895235528468425,0,1],"children":[0,1,2,3,4]},{"name":"VtxBarrelModuleInner_1","mesh":0},{"matrix":[1,0,0,0,0,1,0,0,0,0,1,0,0,0,-0.008150000000000003,1]},{"matrix":[1,0,0,0,0,1,0,0,0,0,1,0,0,0,0.007349999999999997,1]},{"matrix":[1,0,0,0,0,1,0,0,0,0,1,0,0,0,0.014499999999999999,1]},{"matrix":[1,0,0,0,0,1,0,0,0,0,1,0,0,0,0.02015,1]},{"matrix":[0.7071072140777879,-0.7071063482950422,-5.551115123125783e-17,0,5.551115123125783e-17,1.1102230246251565e-16,-1,0,0.7071063482950422,0.7071072140777879,1.1102230246251565e-16,0,0.9828778241301088,0.9828790275681251,0,1],"children":[6,7,8,9,10]},{"name":"VtxBarrelModuleInner_2","mesh":0},{"matrix":[1,0,0,0,0,1,0,0,0,0,1,0,0,0,-0.008150000000000003,1]},{"matrix":[1,0,0,0,0,1,0,0,0,0,1,0,0,0,0.007349999999999997,1]},{"matrix":[1,0,0,0,0,1,0,0,0,0,1,0,0,0,0.014499999999999999,1]},{"matrix":[1,0,0,0,0,1,0,0,0,0,1,0,0,0,0.02015,1]},{"matrix":[0.9659259847381267,-0.2588184537618601,-2.7755575615628914e-17,0,2.7755575615628914e-17,2.220446049250313e-16,-1,0,0.2588184537618601,0.9659259847381267,2.220446049250313e-16,0,0.3895217729115995,1.453718607030881,0,1],"children":[12,13,14,15,16]},{"name":"VtxBarrelModuleInner_3","mesh":0},{"matrix":[1,0,0,0,0,1,0,0,0,0,1,0,0,0,-0.008150000000000003,1]},{"matrix":[1,0,0,0,0,1,0,0,0,0,1,0,0,0,0.007349999999999997,1]},{"matrix":[1,0,0,0,0,1,0,0,0,0,1,0,0,0,0.014499999999999999,1]},{"matrix":[1,0,0,0,0,1,0,0,0,0,1,0,0,0,0.02015,1]},{"matrix":[0.9659256678396478,0.25881963644308426,2.7755575615628914e-17,0,-2.7755575615628914e-17,1.1102230246251565e-16,-1,0,-0.25881963644308426,0.9659256678396477,1.1102230246251565e-16,0,-0.35975929465588713,1.3426366782971106,0,1],"children":[18,19,20,21,22]},{"name":"VtxBarrelModuleInner_4","mesh":0},{"matrix":[1,0,0,0,0,1,0,0,0,0,1,0,0,0,-0.008150000000000003,1]},{"matrix":[1,0,0,0,0,1,0,0,0,0,1,0,0,0,0.007349999999999997,1]},{"matrix":[1,0,0,0,0,1,0,0,0,0,1,0,0,0,0.014499999999999999,1]},{"matrix":[1,0,0,0,0,1,0,0,0,0,1,0,0,0,0.02015,1]},{"matrix":[0.7071063482950424,0.7071072140777876,-5.551115123125783e-17,0,5.551115123125783e-17,-2.220446049250313e-16,-1,0,-0.7071072140777876,0.7071063482950425,-2.220446049250313e-16,0,-1.06419635718707,1.0641950541840393,0,1],"children":[24,25,26,27,28]},{"name":"VtxBarrelModuleInner_5","mesh":0},{"matrix":[1,0,0,0,0,1,0,0,0,0,1,0,0,0,-0.008150000000000003,1]},{"matrix":[1,0,0,0,0,1,0,0,0,0,1,0,0,0,0.007349999999999997,1]},{"matrix":[1,0,0,0,0,1,0,0,0,0,1,0,0,0,0.014499999999999999,1]},{"matrix":[1,0,0,0,0,1,0,0,0,0,1,0,0,0,0.02015,1]},{"matrix":[0.2588184537618604,0.9659259847381267,5.551115123125783e-17,0,5.551115123125783e-17,0,-1,0,-0.9659259847381267,0.25881845376186047,0,0,-1.3426371187859962,0.3597576507289863,0,1],"children":[30,31,32,33,34]},{"name":"VtxBarrelModuleInner_6","mesh":0},{"matrix":[1,0,0,0,0,1,0,0,0,0,1,0,0,0,-0.008150000000000003,1]},{"matrix":[1,0,0,0,0,1,0,0,0,0,1,0,0,0,0.007349999999999997,1]},{"matrix":[1,0,0,0,0,1,0,0,0,0,1,0,0,0,0.014499999999999999,1]},{"matrix":[1,0,0,0,0,1,0,0,0,0,1,0,0,0,0.02015,1]},{"matrix":[-0.2588196364430839,0.965925667839648,5.551115123125783e-17,0,-5.551115123125783e-17,0,-1,0,-0.965925667839648,-0.25881963644308387,0,0,-1.4537181300986703,-0.3895235528468411,0,1],"children":[36,37,38,39,40]},{"name":"VtxBarrelModuleInner_7","mesh":0},{"matrix":[1,0,0,0,0,1,0,0,0,0,1,0,0,0,-0.008150000000000003,1]},{"matrix":[1,0,0,0,0,1,0,0,0,0,1,0,0,0,0.007349999999999997,1]},{"matrix":[1,0,0,0,0,1,0,0,0,0,1,0,0,0,0.014499999999999999,1]},{"matrix":[1,0,0,0,0,1,0,0,0,0,1,0,0,0,0.02015,1]},{"matrix":[-0.7071072140777868,0.707106348295043,0,0,-1.1102230246251565e-16,0,-0.9999999999999999,0,-0.707106348295043,-0.7071072140777869,3.3306690738754696e-16,0,-0.9828778241301097,-0.9828790275681242,0,1],"children":[42,43,44,45,46]},{"name":"VtxBarrelModuleInner_8","mesh":0},{"matrix":[1,0,0,0,0,1,0,0,0,0,1,0,0,0,-0.008150000000000003,1]},{"matrix":[1,0,0,0,0,1,0,0,0,0,1,0,0,0,0.007349999999999997,1]},{"matrix":[1,0,0,0,0,1,0,0,0,0,1,0,0,0,0.014499999999999999,1]},{"matrix":[1,0,0,0,0,1,0,0,0,0,1,0,0,0,0.02015,1]},{"matrix":[-0.9659259847381263,0.2588184537618609,1.1102230246251565e-16,0,-1.1102230246251565e-16,1.1102230246251565e-16,-0.9999999999999999,0,-0.2588184537618609,-0.9659259847381264,1.1102230246251565e-16,0,-0.38952177291160095,-1.4537186070308805,0,1],"children":[48,49,50,51,52]},{"name":"VtxBarrelModuleInner_9","mesh":0},{"matrix":[1,0,0,0,0,1,0,0,0,0,1,0,0,0,-0.008150000000000003,1]},{"matrix":[1,0,0,0,0,1,0,0,0,0,1,0,0,0,0.007349999999999997,1]},{"matrix":[1,0,0,0,0,1,0,0,0,0,1,0,0,0,0.014499999999999999,1]},{"matrix":[1,0,0,0,0,1,0,0,0,0,1,0,0,0,0.02015,1]},{"matrix":[-0.965925667839648,-0.25881963644308387,1.1102230246251565e-16,0,-1.1102230246251565e-16,0,-1,0,0.25881963644308387,-0.965925667839648,0,0,0.35975929465588635,-1.3426366782971109,0,1],"children":[54,55,56,57,58]},{"name":"VtxBarrelModuleInner_10","mesh":0},{"matrix":[1,0,0,0,0,1,0,0,0,0,1,0,0,0,-0.008150000000000003,1]},{"matrix":[1,0,0,0,0,1,0,0,0,0,1,0,0,0,0.007349999999999997,1]},{"matrix":[1,0,0,0,0,1,0,0,0,0,1,0,0,0,0.014499999999999999,1]},{"matrix":[1,0,0,0,0,1,0,0,0,0,1,0,0,0,0.02015,1]},{"matrix":[-0.7071063482950426,-0.7071072140777874,1.6653345369377348e-16,0,-5.551115123125783e-17,-2.220446049250313e-16,-1,0,0.7071072140777874,-0.7071063482950426,0,0,1.06419635718707,-1.0641950541840393,0,1],"children":[60,61,62,63,64]},{"name":"VtxBarrelModuleInner_11","mesh":0},{"matrix":[1,0,0,0,0,1,0,0,0,0,1,0,0,0,-0.008150000000000003,1]},{"matrix":[1,0,0,0,0,1,0,0,0,0,1,0,0,0,0.007349999999999997,1]},{"matrix":[1,0,0,0,0,1,0,0,0,0,1,0,0,0,0.014499999999999999,1]},{"matrix":[1,0,0,0,0,1,0,0,0,0,1,0,0,0,0.02015,1]},{"matrix":[-0.2588184537618601,-0.9659259847381269,1.1102230246251565e-16,0,-1.1102230246251565e-16,-2.220446049250313e-16,-1,0,0.9659259847381269,-0.25881845376186,-2.220446049250313e-16,0,1.3426371187859962,-0.35975765072898586,0,1],"children":[66,67,68,69,70]},{"children":[5,11,17,23,29,35,41,47,53,59,65,71]},{"name":"VtxBarrelModuleOuter_0","mesh":1},{"matrix":[1,0,0,0,0,1,0,0,0,0,1,0,0,0,-0.008150000000000003,1]},{"matrix":[1,0,0,0,0,1,0,0,0,0,1,0,0,0,0.007349999999999997,1]},{"matrix":[1,0,0,0,0,1,0,0,0,0,1,0,0,0,0.014499999999999999,1]},{"matrix":[1,0,0,0,0,1,0,0,0,0,1,0,0,0,0.02015,1]},{"matrix":[0.2588196364430847,-0.9659256678396478,0,0,0,-2.220446049250313e-16,-1.0000000000000002,0,0.9659256678396478,0.25881963644308487,-2.220446049250313e-16,0,2.224526813034709,0.5960616227284241,0,1],"children":[73,74,75,76,77]},{"name":"VtxBarrelModuleOuter_1","mesh":1},{"matrix":[1,0,0,0,0,1,0,0,0,0,1,0,0,0,-0.008150000000000003,1]},{"matrix":[1,0,0,0,0,1,0,0,0,0,1,0,0,0,0.007349999999999997,1]},{"matrix":[1,0,0,0,0,1,0,0,0,0,1,0,0,0,0.014499999999999999,1]},{"matrix":[1,0,0,0,0,1,0,0,0,0,1,0,0,0,0.02015,1]},{"matrix":[0.7071072140777879,-0.7071063482950422,-5.551115123125783e-17,0,5.551115123125783e-17,1.1102230246251565e-16,-1,0,0.7071063482950422,0.7071072140777879,1.1102230246251565e-16,0,1.5485629027661427,1.5485647988303555,0,1],"children":[79,80,81,82,83]},{"name":"VtxBarrelModuleOuter_2","mesh":1},{"matrix":[1,0,0,0,0,1,0,0,0,0,1,0,0,0,-0.008150000000000003,1]},{"matrix":[1,0,0,0,0,1,0,0,0,0,1,0,0,0,0.007349999999999997,1]},{"matrix":[1,0,0,0,0,1,0,0,0,0,1,0,0,0,0.014499999999999999,1]},{"matrix":[1,0,0,0,0,1,0,0,0,0,1,0,0,0,0.02015,1]},{"matrix":[0.9659259847381267,-0.2588184537618601,-2.7755575615628914e-17,0,2.7755575615628914e-17,2.220446049250313e-16,-1,0,0.2588184537618601,0.9659259847381267,2.220446049250313e-16,0,0.596058899013564,2.2245275428519062,0,1],"children":[85,86,87,88,89]},{"name":"VtxBarrelModuleOuter_3","mesh":1},{"matrix":[1,0,0,0,0,1,0,0,0,0,1,0,0,0,-0.008150000000000003,1]},{"matrix":[1,0,0,0,0,1,0,0,0,0,1,0,0,0,0.007349999999999997,1]},{"matrix":[1,0,0,0,0,1,0,0,0,0,1,0,0,0,0.014499999999999999,1]},{"matrix":[1,0,0,0,0,1,0,0,0,0,1,0,0,0,0.02015,1]},{"matrix":[0.9659256678396478,0.25881963644308426,2.7755575615628914e-17,0,-2.7755575615628914e-17,1.1102230246251565e-16,-1,0,-0.25881963644308426,0.9659256678396477,1.1102230246251565e-16,0,-0.5668150038103547,2.1153772125688293,0,1],"children":[91,92,93,94,95]},{"name":"VtxBarrelModuleOuter_4","mesh":1},{"matrix":[1,0,0,0,0,1,0,0,0,0,1,0,0,0,-0.008150000000000003,1]},{"matrix":[1,0,0,0,0,1,0,0,0,0,1,0,0,0,0.007349999999999997,1]},{"matrix":[1,0,0,0,0,1,0,0,0,0,1,0,0,0,0.014499999999999999,1]},{"matrix":[1,0,0,0,0,1,0,0,0,0,1,0,0,0,0.02015,1]},{"matrix":[0.7071063482950424,0.7071072140777876,-5.551115123125783e-17,0,5.551115123125783e-17,-2.220446049250313e-16,-1,0,-0.7071072140777876,0.7071063482950425,-2.220446049250313e-16,0,-1.6284679140211447,1.6284659201234835,0,1],"children":[97,98,99,100,101]},{"name":"VtxBarrelModuleOuter_5","mesh":1},{"matrix":[1,0,0,0,0,1,0,0,0,0,1,0,0,0,-0.008150000000000003,1]},{"matrix":[1,0,0,0,0,1,0,0,0,0,1,0,0,0,0.007349999999999997,1]},{"matrix":[1,0,0,0,0,1,0,0,0,0,1,0,0,0,0.014499999999999999,1]},{"matrix":[1,0,0,0,0,1,0,0,0,0,1,0,0,0,0.02015,1]},{"matrix":[0.2588184537618604,0.9659259847381267,5.551115123125783e-17,0,5.551115123125783e-17,0,-1,0,-0.9659259847381267,0.25881845376186047,0,0,-2.1153779065764975,0.5668124137384749,0,1],"children":[103,104,105,106,107]},{"name":"VtxBarrelModuleOuter_6","mesh":1},{"matrix":[1,0,0,0,0,1,0,0,0,0,1,0,0,0,-0.008150000000000003,1]},{"matrix":[1,0,0,0,0,1,0,0,0,0,1,0,0,0,0.007349999999999997,1]},{"matrix":[1,0,0,0,0,1,0,0,0,0,1,0,0,0,0.014499999999999999,1]},{"matrix":[1,0,0,0,0,1,0,0,0,0,1,0,0,0,0.02015,1]},{"matrix":[-0.2588196364430839,0.965925667839648,5.551115123125783e-17,0,-5.551115123125783e-17,0,-1,0,-0.965925667839648,-0.25881963644308387,0,0,-2.22452681303471,-0.596061622728422,0,1],"children":[109,110,111,112,113]},{"name":"VtxBarrelModuleOuter_7","mesh":1},{"matrix":[1,0,0,0,0,1,0,0,0,0,1,0,0,0,-0.008150000000000003,1]},{"matrix":[1,0,0,0,0,1,0,0,0,0,1,0,0,0,0.007349999999999997,1]},{"matrix":[1,0,0,0,0,1,0,0,0,0,1,0,0,0,0.014499999999999999,1]},{"matrix":[1,0,0,0,0,1,0,0,0,0,1,0,0,0,0.02015,1]},{"matrix":[-0.7071072140777868,0.707106348295043,0,0,-1.1102230246251565e-16,0,-0.9999999999999999,0,-0.707106348295043,-0.7071072140777869,3.3306690738754696e-16,0,-1.5485629027661443,-1.548564798830354,0,1],"children":[115,116,117,118,119]},{"name":"VtxBarrelModuleOuter_8","mesh":1},{"matrix":[1,0,0,0,0,1,0,0,0,0,1,0,0,0,-0.008150000000000003,1]},{"matrix":[1,0,0,0,0,1,0,0,0,0,1,0,0,0,0.007349999999999997,1]},{"matrix":[1,0,0,0,0,1,0,0,0,0,1,0,0,0,0.014499999999999999,1]},{"matrix":[1,0,0,0,0,1,0,0,0,0,1,0,0,0,0.02015,1]},{"matrix":[-0.9659259847381263,0.2588184537618609,1.1102230246251565e-16,0,-1.1102230246251565e-16,1.1102230246251565e-16,-0.9999999999999999,0,-0.2588184537618609,-0.9659259847381264,1.1102230246251565e-16,0,-0.5960588990135661,-2.224527542851906,0,1],"children":[121,122,123,124,125]},{"name":"VtxBarrelModuleOuter_9","mesh":1},{"matrix":[1,0,0,0,0,1,0,0,0,0,1,0,0,0,-0.008150000000000003,1]},{"matrix":[1,0,0,0,0,1,0,0,0,0,1,0,0,0,0.007349999999999997,1]},{"matrix":[1,0,0,0,0,1,0,0,0,0,1,0,0,0,0.014499999999999999,1]},{"matrix":[1,0,0,0,0,1,0,0,0,0,1,0,0,0,0.02015,1]},{"matrix":[-0.965925667839648,-0.25881963644308387,1.1102230246251565e-16,0,-1.1102230246251565e-16,0,-1,0,0.25881963644308387,-0.965925667839648,0,0,0.5668150038103534,-2.1153772125688293,0,1],"children":[127,128,129,130,131]},{"name":"VtxBarrelModuleOuter_10","mesh":1},{"matrix":[1,0,0,0,0,1,0,0,0,0,1,0,0,0,-0.008150000000000003,1]},{"matrix":[1,0,0,0,0,1,0,0,0,0,1,0,0,0,0.007349999999999997,1]},{"matrix":[1,0,0,0,0,1,0,0,0,0,1,0,0,0,0.014499999999999999,1]},{"matrix":[1,0,0,0,0,1,0,0,0,0,1,0,0,0,0.02015,1]},{"matrix":[-0.7071063482950426,-0.7071072140777874,1.6653345369377348e-16,0,-5.551115123125783e-17,-2.220446049250313e-16,-1,0,0.7071072140777874,-0.7071063482950426,0,0,1.6284679140211444,-1.6284659201234837,0,1],"children":[133,134,135,136,137]},{"name":"VtxBarrelModuleOuter_11","mesh":1},{"matrix":[1,0,0,0,0,1,0,0,0,0,1,0,0,0,-0.008150000000000003,1]},{"matrix":[1,0,0,0,0,1,0,0,0,0,1,0,0,0,0.007349999999999997,1]},{"matrix":[1,0,0,0,0,1,0,0,0,0,1,0,0,0,0.014499999999999999,1]},{"matrix":[1,0,0,0,0,1,0,0,0,0,1,0,0,0,0.02015,1]},{"matrix":[-0.2588184537618601,-0.9659259847381269,1.1102230246251565e-16,0,-1.1102230246251565e-16,-2.220446049250313e-16,-1,0,0.9659259847381269,-0.25881845376186,-2.220446049250313e-16,0,2.115377906576498,-0.5668124137384741,0,1],"children":[139,140,141,142,143]},{"children":[78,84,90,96,102,108,114,120,126,132,138,144]},{"name":"VtxBarrelModuleOuter_0","mesh":1},{"matrix":[1,0,0,0,0,1,0,0,0,0,1,0,0,0,-0.008150000000000003,1]},{"matrix":[1,0,0,0,0,1,0,0,0,0,1,0,0,0,0.007349999999999997,1]},{"matrix":[1,0,0,0,0,1,0,0,0,0,1,0,0,0,0.014499999999999999,1]},{"matrix":[1,0,0,0,0,1,0,0,0,0,1,0,0,0,0.02015,1]},{"matrix":[0,-1,0,0,0,0,-1,0,1,0,0,0,3.579,0,0,1],"children":[146,147,148,149,150]},{"name":"VtxBarrelModuleOuter_1","mesh":1},{"matrix":[1,0,0,0,0,1,0,0,0,0,1,0,0,0,-0.008150000000000003,1]},{"matrix":[1,0,0,0,0,1,0,0,0,0,1,0,0,0,0.007349999999999997,1]},{"matrix":[1,0,0,0,0,1,0,0,0,0,1,0,0,0,0.014499999999999999,1]},{"matrix":[1,0,0,0,0,1,0,0,0,0,1,0,0,0,0.02015,1]},{"matrix":[0.3420201433256684,-0.9396926207859085,-5.551115123125782e-17,0,-5.551115123125783e-17,-2.220446049250313e-16,-1.0000000000000002,0,0.9396926207859085,0.3420201433256686,-2.2204460492503128e-16,0,3.2795272465428207,1.193650300206584,0,1],"children":[152,153,154,155,156]},{"name":"VtxBarrelModuleOuter_2","mesh":1},{"matrix":[1,0,0,0,0,1,0,0,0,0,1,0,0,0,-0.008150000000000003,1]},{"matrix":[1,0,0,0,0,1,0,0,0,0,1,0,0,0,0.007349999999999997,1]},{"matrix":[1,0,0,0,0,1,0,0,0,0,1,0,0,0,0.014499999999999999,1]},{"matrix":[1,0,0,0,0,1,0,0,0,0,1,0,0,0,0.02015,1]},{"matrix":[0.6427876096865393,-0.766044443118978,0,0,0,0,-1,0,0.766044443118978,0.6427876096865393,0,0,2.7416730619228225,2.300536855068124,0,1],"children":[158,159,160,161,162]},{"name":"VtxBarrelModuleOuter_3","mesh":1},{"matrix":[1,0,0,0,0,1,0,0,0,0,1,0,0,0,-0.008150000000000003,1]},{"matrix":[1,0,0,0,0,1,0,0,0,0,1,0,0,0,0.007349999999999997,1]},{"matrix":[1,0,0,0,0,1,0,0,0,0,1,0,0,0,0.014499999999999999,1]},{"matrix":[1,0,0,0,0,1,0,0,0,0,1,0,0,0,0.02015,1]},{"matrix":[0.8660254037844385,-0.49999999999999994,-5.551115123125782e-17,0,5.551115123125783e-17,0,-1,0,0.49999999999999994,0.8660254037844386,0,0,1.7450000000000006,3.0224286592076908,0,1],"children":[164,165,166,167,168]},{"name":"VtxBarrelModuleOuter_4","mesh":1},{"matrix":[1,0,0,0,0,1,0,0,0,0,1,0,0,0,-0.008150000000000003,1]},{"matrix":[1,0,0,0,0,1,0,0,0,0,1,0,0,0,0.007349999999999997,1]},{"matrix":[1,0,0,0,0,1,0,0,0,0,1,0,0,0,0.014499999999999999,1]},{"matrix":[1,0,0,0,0,1,0,0,0,0,1,0,0,0,0.02015,1]},{"matrix":[0.9848077530122079,-0.17364817766693033,-2.775557561562891e-17,0,2.7755575615628914e-17,3.3306690738754696e-16,-1,0,0.17364817766693033,0.984807753012208,3.330669073875469e-16,0,0.621486827869944,3.5246269480306927,0,1],"children":[170,171,172,173,174]},{"name":"VtxBarrelModuleOuter_5","mesh":1},{"matrix":[1,0,0,0,0,1,0,0,0,0,1,0,0,0,-0.008150000000000003,1]},{"matrix":[1,0,0,0,0,1,0,0,0,0,1,0,0,0,0.007349999999999997,1]},{"matrix":[1,0,0,0,0,1,0,0,0,0,1,0,0,0,0.014499999999999999,1]},{"matrix":[1,0,0,0,0,1,0,0,0,0,1,0,0,0,0.02015,1]},{"matrix":[0.9848077530122079,0.17364817766693033,2.775557561562891e-17,0,-2.7755575615628914e-17,3.3306690738754696e-16,-1,0,-0.17364817766693033,0.984807753012208,3.330669073875469e-16,0,-0.6060321400575868,3.4369790580126063,0,1],"children":[176,177,178,179,180]},{"name":"VtxBarrelModuleOuter_6","mesh":1},{"matrix":[1,0,0,0,0,1,0,0,0,0,1,0,0,0,-0.008150000000000003,1]},{"matrix":[1,0,0,0,0,1,0,0,0,0,1,0,0,0,0.007349999999999997,1]},{"matrix":[1,0,0,0,0,1,0,0,0,0,1,0,0,0,0.014499999999999999,1]},{"matrix":[1,0,0,0,0,1,0,0,0,0,1,0,0,0,0.02015,1]},{"matrix":[0.8660254037844388,0.49999999999999983,8.326672684688674e-17,0,0,1.1102230246251565e-16,-1,0,-0.4999999999999999,0.8660254037844388,1.1102230246251565e-16,0,-1.7894999999999992,3.0995049201445064,0,1],"children":[182,183,184,185,186]},{"name":"VtxBarrelModuleOuter_7","mesh":1},{"matrix":[1,0,0,0,0,1,0,0,0,0,1,0,0,0,-0.008150000000000003,1]},{"matrix":[1,0,0,0,0,1,0,0,0,0,1,0,0,0,0.007349999999999997,1]},{"matrix":[1,0,0,0,0,1,0,0,0,0,1,0,0,0,0.014499999999999999,1]},{"matrix":[1,0,0,0,0,1,0,0,0,0,1,0,0,0,0.02015,1]},{"matrix":[0.6427876096865396,0.7660444431189777,1.6653345369377348e-16,0,-1.6653345369377348e-16,4.440892098500626e-16,-0.9999999999999998,0,-0.7660444431189777,0.6427876096865395,4.440892098500626e-16,0,-2.673495106485233,2.243328757806023,0,1],"children":[188,189,190,191,192]},{"name":"VtxBarrelModuleOuter_8","mesh":1},{"matrix":[1,0,0,0,0,1,0,0,0,0,1,0,0,0,-0.008150000000000003,1]},{"matrix":[1,0,0,0,0,1,0,0,0,0,1,0,0,0,0.007349999999999997,1]},{"matrix":[1,0,0,0,0,1,0,0,0,0,1,0,0,0,0.014499999999999999,1]},{"matrix":[1,0,0,0,0,1,0,0,0,0,1,0,0,0,0.02015,1]},{"matrix":[0.3420201433256684,0.9396926207859085,5.551115123125782e-17,0,5.551115123125783e-17,-2.220446049250313e-16,-1.0000000000000002,0,-0.9396926207859085,0.3420201433256686,-2.2204460492503128e-16,0,-3.363159889792766,1.2240900929625689,0,1],"children":[194,195,196,197,198]},{"name":"VtxBarrelModuleOuter_9","mesh":1},{"matrix":[1,0,0,0,0,1,0,0,0,0,1,0,0,0,-0.008150000000000003,1]},{"matrix":[1,0,0,0,0,1,0,0,0,0,1,0,0,0,0.007349999999999997,1]},{"matrix":[1,0,0,0,0,1,0,0,0,0,1,0,0,0,0.014499999999999999,1]},{"matrix":[1,0,0,0,0,1,0,0,0,0,1,0,0,0,0.02015,1]},{"matrix":[0,1,0,0,0,0,-1,0,-1,0,0,0,-3.49,4.274017329024263e-16,0,1],"children":[200,201,202,203,204]},{"name":"VtxBarrelModuleOuter_10","mesh":1},{"matrix":[1,0,0,0,0,1,0,0,0,0,1,0,0,0,-0.008150000000000003,1]},{"matrix":[1,0,0,0,0,1,0,0,0,0,1,0,0,0,0.007349999999999997,1]},{"matrix":[1,0,0,0,0,1,0,0,0,0,1,0,0,0,0.014499999999999999,1]},{"matrix":[1,0,0,0,0,1,0,0,0,0,1,0,0,0,0.02015,1]},{"matrix":[-0.34202014332566844,0.9396926207859086,0,0,-1.1102230246251565e-16,-2.220446049250313e-16,-1,0,-0.9396926207859086,-0.3420201433256684,0,0,-3.3631598897927666,-1.2240900929625682,0,1],"children":[206,207,208,209,210]},{"name":"VtxBarrelModuleOuter_11","mesh":1},{"matrix":[1,0,0,0,0,1,0,0,0,0,1,0,0,0,-0.008150000000000003,1]},{"matrix":[1,0,0,0,0,1,0,0,0,0,1,0,0,0,0.007349999999999997,1]},{"matrix":[1,0,0,0,0,1,0,0,0,0,1,0,0,0,0.014499999999999999,1]},{"matrix":[1,0,0,0,0,1,0,0,0,0,1,0,0,0,0.02015,1]},{"matrix":[-0.6427876096865397,0.7660444431189779,1.6653345369377348e-16,0,-5.551115123125783e-17,2.220446049250313e-16,-1,0,-0.7660444431189779,-0.6427876096865395,-2.220446049250313e-16,0,-2.6734951064852335,-2.243328757806022,0,1],"children":[212,213,214,215,216]},{"name":"VtxBarrelModuleOuter_12","mesh":1},{"matrix":[1,0,0,0,0,1,0,0,0,0,1,0,0,0,-0.008150000000000003,1]},{"matrix":[1,0,0,0,0,1,0,0,0,0,1,0,0,0,0.007349999999999997,1]},{"matrix":[1,0,0,0,0,1,0,0,0,0,1,0,0,0,0.014499999999999999,1]},{"matrix":[1,0,0,0,0,1,0,0,0,0,1,0,0,0,0.02015,1]},{"matrix":[-0.8660254037844387,0.5000000000000001,5.551115123125782e-17,0,-1.6653345369377348e-16,-2.220446049250313e-16,-1.0000000000000002,0,-0.5000000000000001,-0.8660254037844386,0,0,-1.7895000000000016,-3.099504920144505,0,1],"children":[218,219,220,221,222]},{"name":"VtxBarrelModuleOuter_13","mesh":1},{"matrix":[1,0,0,0,0,1,0,0,0,0,1,0,0,0,-0.008150000000000003,1]},{"matrix":[1,0,0,0,0,1,0,0,0,0,1,0,0,0,0.007349999999999997,1]},{"matrix":[1,0,0,0,0,1,0,0,0,0,1,0,0,0,0.014499999999999999,1]},{"matrix":[1,0,0,0,0,1,0,0,0,0,1,0,0,0,0.02015,1]},{"matrix":[-0.984807753012208,0.17364817766693103,1.1102230246251564e-16,0,-1.1102230246251565e-16,0,-1,0,-0.17364817766693103,-0.9848077530122079,0,0,-0.6060321400575899,-3.436979058012606,0,1],"children":[224,225,226,227,228]},{"name":"VtxBarrelModuleOuter_14","mesh":1},{"matrix":[1,0,0,0,0,1,0,0,0,0,1,0,0,0,-0.008150000000000003,1]},{"matrix":[1,0,0,0,0,1,0,0,0,0,1,0,0,0,0.007349999999999997,1]},{"matrix":[1,0,0,0,0,1,0,0,0,0,1,0,0,0,0.014499999999999999,1]},{"matrix":[1,0,0,0,0,1,0,0,0,0,1,0,0,0,0.02015,1]},{"matrix":[-0.9848077530122081,-0.1736481776669293,1.249000902703301e-16,0,-1.249000902703301e-16,0,-0.9999999999999999,0,0.1736481776669293,-0.9848077530122082,0,0,0.6214868278699393,-3.5246269480306935,0,1],"children":[230,231,232,233,234]},{"name":"VtxBarrelModuleOuter_15","mesh":1},{"matrix":[1,0,0,0,0,1,0,0,0,0,1,0,0,0,-0.008150000000000003,1]},{"matrix":[1,0,0,0,0,1,0,0,0,0,1,0,0,0,0.007349999999999997,1]},{"matrix":[1,0,0,0,0,1,0,0,0,0,1,0,0,0,0.014499999999999999,1]},{"matrix":[1,0,0,0,0,1,0,0,0,0,1,0,0,0,0.02015,1]},{"matrix":[-0.8660254037844393,-0.49999999999999867,2.220446049250313e-16,0,-5.551115123125783e-17,-2.220446049250313e-16,-0.9999999999999998,0,0.49999999999999867,-0.8660254037844393,3.3306690738754696e-16,0,1.744999999999995,-3.022428659207694,0,1],"children":[236,237,238,239,240]},{"name":"VtxBarrelModuleOuter_16","mesh":1},{"matrix":[1,0,0,0,0,1,0,0,0,0,1,0,0,0,-0.008150000000000003,1]},{"matrix":[1,0,0,0,0,1,0,0,0,0,1,0,0,0,0.007349999999999997,1]},{"matrix":[1,0,0,0,0,1,0,0,0,0,1,0,0,0,0.014499999999999999,1]},{"matrix":[1,0,0,0,0,1,0,0,0,0,1,0,0,0,0.02015,1]},{"matrix":[-0.6427876096865406,-0.7660444431189768,2.220446049250313e-16,0,-1.1102230246251565e-16,-2.220446049250313e-16,-0.9999999999999999,0,0.7660444431189768,-0.6427876096865407,1.1102230246251565e-16,0,2.7416730619228176,-2.30053685506813,0,1],"children":[242,243,244,245,246]},{"name":"VtxBarrelModuleOuter_17","mesh":1},{"matrix":[1,0,0,0,0,1,0,0,0,0,1,0,0,0,-0.008150000000000003,1]},{"matrix":[1,0,0,0,0,1,0,0,0,0,1,0,0,0,0.007349999999999997,1]},{"matrix":[1,0,0,0,0,1,0,0,0,0,1,0,0,0,0.014499999999999999,1]},{"matrix":[1,0,0,0,0,1,0,0,0,0,1,0,0,0,0.02015,1]},{"matrix":[-0.34202014332567104,-0.9396926207859077,2.2204460492503128e-16,0,-5.551115123125783e-17,-4.440892098500626e-16,-1.0000000000000002,0,0.9396926207859077,-0.3420201433256708,-2.2204460492503128e-16,0,3.2795272465428176,-1.1936503002065921,0,1],"children":[248,249,250,251,252]},{"children":[151,157,163,169,175,181,187,193,199,205,211,217,223,229,235,241,247,253]},{"name":"VtxBarrelModuleOuter_0","mesh":1},{"matrix":[1,0,0,0,0,1,0,0,0,0,1,0,0,0,-0.008150000000000003,1]},{"matrix":[1,0,0,0,0,1,0,0,0,0,1,0,0,0,0.007349999999999997,1]},{"matrix":[1,0,0,0,0,1,0,0,0,0,1,0,0,0,0.014499999999999999,1]},{"matrix":[1,0,0,0,0,1,0,0,0,0,1,0,0,0,0.02015,1]},{"matrix":[0.13052649570173877,-0.9914448214196411,-5.551115123125782e-17,0,-5.551115123125783e-17,-2.220446049250313e-16,-1.0000000000000002,0,0.9914448214196411,0.13052649570173905,-4.4408920985006257e-16,0,4.709362901743295,0.6200008545832612,0,1],"children":[255,256,257,258,259]},{"name":"VtxBarrelModuleOuter_1","mesh":1},{"matrix":[1,0,0,0,0,1,0,0,0,0,1,0,0,0,-0.008150000000000003,1]},{"matrix":[1,0,0,0,0,1,0,0,0,0,1,0,0,0,0.007349999999999997,1]},{"matrix":[1,0,0,0,0,1,0,0,0,0,1,0,0,0,0.014499999999999999,1]},{"matrix":[1,0,0,0,0,1,0,0,0,0,1,0,0,0,0.02015,1]},{"matrix":[0.3826837151649898,-0.923879415371682,-2.220446049250313e-16,0,1.1102230246251565e-16,4.440892098500626e-16,-0.9999999999999998,0,0.923879415371682,0.38268371516498956,4.440892098500626e-16,0,4.4632614556605965,1.848745027962065,0,1],"children":[261,262,263,264,265]},{"name":"VtxBarrelModuleOuter_2","mesh":1},{"matrix":[1,0,0,0,0,1,0,0,0,0,1,0,0,0,-0.008150000000000003,1]},{"matrix":[1,0,0,0,0,1,0,0,0,0,1,0,0,0,0.007349999999999997,1]},{"matrix":[1,0,0,0,0,1,0,0,0,0,1,0,0,0,0.014499999999999999,1]},{"matrix":[1,0,0,0,0,1,0,0,0,0,1,0,0,0,0.02015,1]},{"matrix":[0.6087616718544868,-0.7933531539490658,1.1102230246251565e-16,0,-1.1102230246251565e-16,-2.220446049250313e-16,-1,0,0.7933531539490658,0.6087616718544869,-2.220446049250313e-16,0,3.7684274812580627,2.8916179413088123,0,1],"children":[267,268,269,270,271]},{"name":"VtxBarrelModuleOuter_3","mesh":1},{"matrix":[1,0,0,0,0,1,0,0,0,0,1,0,0,0,-0.008150000000000003,1]},{"matrix":[1,0,0,0,0,1,0,0,0,0,1,0,0,0,0.007349999999999997,1]},{"matrix":[1,0,0,0,0,1,0,0,0,0,1,0,0,0,0.014499999999999999,1]},{"matrix":[1,0,0,0,0,1,0,0,0,0,1,0,0,0,0.02015,1]},{"matrix":[0.7933535266333303,-0.6087611861628973,-1.1102230246251565e-16,0,1.1102230246251565e-16,3.3306690738754696e-16,-0.9999999999999999,0,0.6087611861628973,0.7933535266333301,3.3306690738754696e-16,0,2.9409252903529577,3.8326908871656182,0,1],"children":[273,274,275,276,277]},{"name":"VtxBarrelModuleOuter_4","mesh":1},{"matrix":[1,0,0,0,0,1,0,0,0,0,1,0,0,0,-0.008150000000000003,1]},{"matrix":[1,0,0,0,0,1,0,0,0,0,1,0,0,0,0.007349999999999997,1]},{"matrix":[1,0,0,0,0,1,0,0,0,0,1,0,0,0,0.014499999999999999,1]},{"matrix":[1,0,0,0,0,1,0,0,0,0,1,0,0,0,0.02015,1]},{"matrix":[0.9238796496508048,-0.3826831495651542,0,0,0,0,-1,0,0.3826831495651542,0.9238796496508048,0,0,1.817744960434483,4.388428335841322,0,1],"children":[279,280,281,282,283]},{"name":"VtxBarrelModuleOuter_5","mesh":1},{"matrix":[1,0,0,0,0,1,0,0,0,0,1,0,0,0,-0.008150000000000003,1]},{"matrix":[1,0,0,0,0,1,0,0,0,0,1,0,0,0,0.007349999999999997,1]},{"matrix":[1,0,0,0,0,1,0,0,0,0,1,0,0,0,0.014499999999999999,1]},{"matrix":[1,0,0,0,0,1,0,0,0,0,1,0,0,0,0.02015,1]},{"matrix":[0.9914449013278869,-0.1305258887383521,0,0,0,0,-1,0,0.1305258887383521,0.9914449013278868,0,0,0.6305705684949794,4.7896703183150215,0,1],"children":[285,286,287,288,289]},{"name":"VtxBarrelModuleOuter_6","mesh":1},{"matrix":[1,0,0,0,0,1,0,0,0,0,1,0,0,0,-0.008150000000000003,1]},{"matrix":[1,0,0,0,0,1,0,0,0,0,1,0,0,0,0.007349999999999997,1]},{"matrix":[1,0,0,0,0,1,0,0,0,0,1,0,0,0,0.014499999999999999,1]},{"matrix":[1,0,0,0,0,1,0,0,0,0,1,0,0,0,0.02015,1]},{"matrix":[0.9914448214196411,0.1305264957017388,-1.3877787807814457e-17,0,1.3877787807814457e-17,-2.220446049250313e-16,-1,0,-0.1305264957017388,0.9914448214196411,-2.220446049250313e-16,0,-0.6200008545832589,4.709362901743295,0,1],"children":[291,292,293,294,295]},{"name":"VtxBarrelModuleOuter_7","mesh":1},{"matrix":[1,0,0,0,0,1,0,0,0,0,1,0,0,0,-0.008150000000000003,1]},{"matrix":[1,0,0,0,0,1,0,0,0,0,1,0,0,0,0.007349999999999997,1]},{"matrix":[1,0,0,0,0,1,0,0,0,0,1,0,0,0,0.014499999999999999,1]},{"matrix":[1,0,0,0,0,1,0,0,0,0,1,0,0,0,0.02015,1]},{"matrix":[0.9238794153716823,0.3826837151649891,2.7755575615628914e-17,0,-2.7755575615628914e-17,1.1102230246251565e-16,-1,0,-0.3826837151649891,0.9238794153716823,1.1102230246251565e-16,0,-1.8487450279620625,4.463261455660597,0,1],"children":[297,298,299,300,301]},{"name":"VtxBarrelModuleOuter_8","mesh":1},{"matrix":[1,0,0,0,0,1,0,0,0,0,1,0,0,0,-0.008150000000000003,1]},{"matrix":[1,0,0,0,0,1,0,0,0,0,1,0,0,0,0.007349999999999997,1]},{"matrix":[1,0,0,0,0,1,0,0,0,0,1,0,0,0,0.014499999999999999,1]},{"matrix":[1,0,0,0,0,1,0,0,0,0,1,0,0,0,0.02015,1]},{"matrix":[0.793353153949066,0.6087616718544866,-5.551115123125783e-17,0,5.551115123125783e-17,-2.220446049250313e-16,-1,0,-0.6087616718544866,0.7933531539490661,-2.220446049250313e-16,0,-2.891617941308811,3.768427481258064,0,1],"children":[303,304,305,306,307]},{"name":"VtxBarrelModuleOuter_9","mesh":1},{"matrix":[1,0,0,0,0,1,0,0,0,0,1,0,0,0,-0.008150000000000003,1]},{"matrix":[1,0,0,0,0,1,0,0,0,0,1,0,0,0,0.007349999999999997,1]},{"matrix":[1,0,0,0,0,1,0,0,0,0,1,0,0,0,0.014499999999999999,1]},{"matrix":[1,0,0,0,0,1,0,0,0,0,1,0,0,0,0.02015,1]},{"matrix":[0.6087611861628976,0.79335352663333,5.551115123125783e-17,0,-5.551115123125783e-17,1.1102230246251565e-16,-1,0,-0.79335352663333,0.6087611861628978,1.1102230246251565e-16,0,-3.832690887165618,2.9409252903529586,0,1],"children":[309,310,311,312,313]},{"name":"VtxBarrelModuleOuter_10","mesh":1},{"matrix":[1,0,0,0,0,1,0,0,0,0,1,0,0,0,-0.008150000000000003,1]},{"matrix":[1,0,0,0,0,1,0,0,0,0,1,0,0,0,0.007349999999999997,1]},{"matrix":[1,0,0,0,0,1,0,0,0,0,1,0,0,0,0.014499999999999999,1]},{"matrix":[1,0,0,0,0,1,0,0,0,0,1,0,0,0,0.02015,1]},{"matrix":[0.38268314956515437,0.9238796496508048,5.551115123125783e-17,0,5.551115123125783e-17,0,-1,0,-0.9238796496508048,0.3826831495651543,0,0,-4.388428335841322,1.8177449604344833,0,1],"children":[315,316,317,318,319]},{"name":"VtxBarrelModuleOuter_11","mesh":1},{"matrix":[1,0,0,0,0,1,0,0,0,0,1,0,0,0,-0.008150000000000003,1]},{"matrix":[1,0,0,0,0,1,0,0,0,0,1,0,0,0,0.007349999999999997,1]},{"matrix":[1,0,0,0,0,1,0,0,0,0,1,0,0,0,0.014499999999999999,1]},{"matrix":[1,0,0,0,0,1,0,0,0,0,1,0,0,0,0.02015,1]},{"matrix":[0.13052588873835191,0.991444901327887,5.551115123125783e-17,0,5.551115123125783e-17,1.1102230246251565e-16,-1,0,-0.991444901327887,0.13052588873835186,0,0,-4.7896703183150215,0.6305705684949785,0,1],"children":[321,322,323,324,325]},{"name":"VtxBarrelModuleOuter_12","mesh":1},{"matrix":[1,0,0,0,0,1,0,0,0,0,1,0,0,0,-0.008150000000000003,1]},{"matrix":[1,0,0,0,0,1,0,0,0,0,1,0,0,0,0.007349999999999997,1]},{"matrix":[1,0,0,0,0,1,0,0,0,0,1,0,0,0,0.014499999999999999,1]},{"matrix":[1,0,0,0,0,1,0,0,0,0,1,0,0,0,0.02015,1]},{"matrix":[-0.1305264957017398,0.991444821419641,5.551115123125783e-17,0,-5.551115123125783e-17,0,-1,0,-0.991444821419641,-0.13052649570173974,0,0,-4.709362901743295,-0.6200008545832606,0,1],"children":[327,328,329,330,331]},{"name":"VtxBarrelModuleOuter_13","mesh":1},{"matrix":[1,0,0,0,0,1,0,0,0,0,1,0,0,0,-0.008150000000000003,1]},{"matrix":[1,0,0,0,0,1,0,0,0,0,1,0,0,0,0.007349999999999997,1]},{"matrix":[1,0,0,0,0,1,0,0,0,0,1,0,0,0,0.014499999999999999,1]},{"matrix":[1,0,0,0,0,1,0,0,0,0,1,0,0,0,0.02015,1]},{"matrix":[-0.38268371516498995,0.9238794153716822,5.551115123125782e-17,0,-5.551115123125783e-17,-2.220446049250313e-16,-1.0000000000000002,0,-0.9238794153716822,-0.3826837151649897,-2.2204460492503128e-16,0,-4.4632614556605965,-1.8487450279620652,0,1],"children":[333,334,335,336,337]},{"name":"VtxBarrelModuleOuter_14","mesh":1},{"matrix":[1,0,0,0,0,1,0,0,0,0,1,0,0,0,-0.008150000000000003,1]},{"matrix":[1,0,0,0,0,1,0,0,0,0,1,0,0,0,0.007349999999999997,1]},{"matrix":[1,0,0,0,0,1,0,0,0,0,1,0,0,0,0.014499999999999999,1]},{"matrix":[1,0,0,0,0,1,0,0,0,0,1,0,0,0,0.02015,1]},{"matrix":[-0.608761671854487,0.7933531539490657,1.6653345369377348e-16,0,0,1.1102230246251565e-16,-1,0,-0.7933531539490657,-0.608761671854487,0,0,-3.7684274812580614,-2.891617941308814,0,1],"children":[339,340,341,342,343]},{"name":"VtxBarrelModuleOuter_15","mesh":1},{"matrix":[1,0,0,0,0,1,0,0,0,0,1,0,0,0,-0.008150000000000003,1]},{"matrix":[1,0,0,0,0,1,0,0,0,0,1,0,0,0,0.007349999999999997,1]},{"matrix":[1,0,0,0,0,1,0,0,0,0,1,0,0,0,0.014499999999999999,1]},{"matrix":[1,0,0,0,0,1,0,0,0,0,1,0,0,0,0.02015,1]},{"matrix":[-0.7933535266333305,0.6087611861628968,5.551115123125783e-17,0,-1.6653345369377348e-16,0,-0.9999999999999999,0,-0.6087611861628968,-0.7933535266333306,3.3306690738754696e-16,0,-2.9409252903529555,-3.83269088716562,0,1],"children":[345,346,347,348,349]},{"name":"VtxBarrelModuleOuter_16","mesh":1},{"matrix":[1,0,0,0,0,1,0,0,0,0,1,0,0,0,-0.008150000000000003,1]},{"matrix":[1,0,0,0,0,1,0,0,0,0,1,0,0,0,0.007349999999999997,1]},{"matrix":[1,0,0,0,0,1,0,0,0,0,1,0,0,0,0.014499999999999999,1]},{"matrix":[1,0,0,0,0,1,0,0,0,0,1,0,0,0,0.02015,1]},{"matrix":[-0.923879649650805,0.3826831495651539,1.3877787807814457e-16,0,-8.326672684688674e-17,1.1102230246251565e-16,-1,0,-0.3826831495651539,-0.923879649650805,-2.220446049250313e-16,0,-1.8177449604344817,-4.388428335841323,0,1],"children":[351,352,353,354,355]},{"name":"VtxBarrelModuleOuter_17","mesh":1},{"matrix":[1,0,0,0,0,1,0,0,0,0,1,0,0,0,-0.008150000000000003,1]},{"matrix":[1,0,0,0,0,1,0,0,0,0,1,0,0,0,0.007349999999999997,1]},{"matrix":[1,0,0,0,0,1,0,0,0,0,1,0,0,0,0.014499999999999999,1]},{"matrix":[1,0,0,0,0,1,0,0,0,0,1,0,0,0,0.02015,1]},{"matrix":[-0.991444901327887,0.13052588873835191,1.249000902703301e-16,0,-9.71445146547012e-17,1.1102230246251565e-16,-1,0,-0.13052588873835191,-0.991444901327887,-2.220446049250313e-16,0,-0.630570568494979,-4.7896703183150215,0,1],"children":[357,358,359,360,361]},{"name":"VtxBarrelModuleOuter_18","mesh":1},{"matrix":[1,0,0,0,0,1,0,0,0,0,1,0,0,0,-0.008150000000000003,1]},{"matrix":[1,0,0,0,0,1,0,0,0,0,1,0,0,0,0.007349999999999997,1]},{"matrix":[1,0,0,0,0,1,0,0,0,0,1,0,0,0,0.014499999999999999,1]},{"matrix":[1,0,0,0,0,1,0,0,0,0,1,0,0,0,0.02015,1]},{"matrix":[-0.9914448214196412,-0.1305264957017388,1.1102230246251565e-16,0,-1.3877787807814457e-16,0,-1,0,0.1305264957017388,-0.9914448214196411,-2.220446049250313e-16,0,0.6200008545832583,-4.709362901743295,0,1],"children":[363,364,365,366,367]},{"name":"VtxBarrelModuleOuter_19","mesh":1},{"matrix":[1,0,0,0,0,1,0,0,0,0,1,0,0,0,-0.008150000000000003,1]},{"matrix":[1,0,0,0,0,1,0,0,0,0,1,0,0,0,0.007349999999999997,1]},{"matrix":[1,0,0,0,0,1,0,0,0,0,1,0,0,0,0.014499999999999999,1]},{"matrix":[1,0,0,0,0,1,0,0,0,0,1,0,0,0,0.02015,1]},{"matrix":[-0.9238794153716823,-0.3826837151649891,8.326672684688674e-17,0,-1.3877787807814457e-16,1.1102230246251565e-16,-1,0,0.3826837151649891,-0.9238794153716823,-2.220446049250313e-16,0,1.848745027962061,-4.463261455660598,0,1],"children":[369,370,371,372,373]},{"name":"VtxBarrelModuleOuter_20","mesh":1},{"matrix":[1,0,0,0,0,1,0,0,0,0,1,0,0,0,-0.008150000000000003,1]},{"matrix":[1,0,0,0,0,1,0,0,0,0,1,0,0,0,0.007349999999999997,1]},{"matrix":[1,0,0,0,0,1,0,0,0,0,1,0,0,0,0.014499999999999999,1]},{"matrix":[1,0,0,0,0,1,0,0,0,0,1,0,0,0,0.02015,1]},{"matrix":[-0.7933531539490666,-0.6087616718544862,1.1102230246251565e-16,0,-1.1102230246251565e-16,-2.220446049250313e-16,-1.0000000000000002,0,0.6087616718544862,-0.7933531539490665,-2.220446049250313e-16,0,2.891617941308809,-3.768427481258066,0,1],"children":[375,376,377,378,379]},{"name":"VtxBarrelModuleOuter_21","mesh":1},{"matrix":[1,0,0,0,0,1,0,0,0,0,1,0,0,0,-0.008150000000000003,1]},{"matrix":[1,0,0,0,0,1,0,0,0,0,1,0,0,0,0.007349999999999997,1]},{"matrix":[1,0,0,0,0,1,0,0,0,0,1,0,0,0,0.014499999999999999,1]},{"matrix":[1,0,0,0,0,1,0,0,0,0,1,0,0,0,0.02015,1]},{"matrix":[-0.6087611861628983,-0.7933535266333295,2.7755575615628914e-16,0,-1.1102230246251565e-16,-2.220446049250313e-16,-1,0,0.7933535266333294,-0.6087611861628983,0,0,3.8326908871656147,-2.9409252903529626,0,1],"children":[381,382,383,384,385]},{"name":"VtxBarrelModuleOuter_22","mesh":1},{"matrix":[1,0,0,0,0,1,0,0,0,0,1,0,0,0,-0.008150000000000003,1]},{"matrix":[1,0,0,0,0,1,0,0,0,0,1,0,0,0,0.007349999999999997,1]},{"matrix":[1,0,0,0,0,1,0,0,0,0,1,0,0,0,0.014499999999999999,1]},{"matrix":[1,0,0,0,0,1,0,0,0,0,1,0,0,0,0.02015,1]},{"matrix":[-0.3826831495651555,-0.9238796496508042,2.7755575615628914e-16,0,1.1102230246251565e-16,-2.220446049250313e-16,-1,0,0.9238796496508042,-0.3826831495651555,3.3306690738754696e-16,0,4.388428335841319,-1.8177449604344897,0,1],"children":[387,388,389,390,391]},{"name":"VtxBarrelModuleOuter_23","mesh":1},{"matrix":[1,0,0,0,0,1,0,0,0,0,1,0,0,0,-0.008150000000000003,1]},{"matrix":[1,0,0,0,0,1,0,0,0,0,1,0,0,0,0.007349999999999997,1]},{"matrix":[1,0,0,0,0,1,0,0,0,0,1,0,0,0,0.014499999999999999,1]},{"matrix":[1,0,0,0,0,1,0,0,0,0,1,0,0,0,0.02015,1]},{"matrix":[-0.1305258887383538,-0.9914449013278865,3.3306690738754696e-16,0,5.551115123125783e-17,-2.220446049250313e-16,-1,0,0.9914449013278867,-0.1305258887383538,2.220446049250313e-16,0,4.789670318315021,-0.6305705684949877,0,1],"children":[393,394,395,396,397]},{"children":[260,266,272,278,284,290,296,302,308,314,320,326,332,338,344,350,356,362,368,374,380,386,392,398]},{"name":"VtxBarrelModuleOuter_0","mesh":1},{"matrix":[1,0,0,0,0,1,0,0,0,0,1,0,0,0,-0.008150000000000003,1]},{"matrix":[1,0,0,0,0,1,0,0,0,0,1,0,0,0,0.007349999999999997,1]},{"matrix":[1,0,0,0,0,1,0,0,0,0,1,0,0,0,0.014499999999999999,1]},{"matrix":[1,0,0,0,0,1,0,0,0,0,1,0,0,0,0.02015,1]},{"matrix":[0,-1,0,0,0,0,-1,0,1,0,0,0,5.99,0,0,1],"children":[400,401,402,403,404]},{"name":"VtxBarrelModuleOuter_1","mesh":1},{"matrix":[1,0,0,0,0,1,0,0,0,0,1,0,0,0,-0.008150000000000003,1]},{"matrix":[1,0,0,0,0,1,0,0,0,0,1,0,0,0,0.007349999999999997,1]},{"matrix":[1,0,0,0,0,1,0,0,0,0,1,0,0,0,0.014499999999999999,1]},{"matrix":[1,0,0,0,0,1,0,0,0,0,1,0,0,0,0.02015,1]},{"matrix":[0.20791169081775962,-0.9781476007338055,-2.220446049250313e-16,0,1.1102230246251565e-16,4.440892098500626e-16,-0.9999999999999999,0,0.9781476007338055,0.2079116908177595,2.220446049250313e-16,0,5.934421493652,1.261400228191346,0,1],"children":[406,407,408,409,410]},{"name":"VtxBarrelModuleOuter_2","mesh":1},{"matrix":[1,0,0,0,0,1,0,0,0,0,1,0,0,0,-0.008150000000000003,1]},{"matrix":[1,0,0,0,0,1,0,0,0,0,1,0,0,0,0.007349999999999997,1]},{"matrix":[1,0,0,0,0,1,0,0,0,0,1,0,0,0,0.014499999999999999,1]},{"matrix":[1,0,0,0,0,1,0,0,0,0,1,0,0,0,0.02015,1]},{"matrix":[0.4067366430757999,-0.9135454576426011,-5.551115123125782e-17,0,-5.551115123125783e-17,-2.220446049250313e-16,-1.0000000000000002,0,0.9135454576426011,0.4067366430758001,-2.2204460492503128e-16,0,5.4721372912791795,2.436352492024043,0,1],"children":[412,413,414,415,416]},{"name":"VtxBarrelModuleOuter_3","mesh":1},{"matrix":[1,0,0,0,0,1,0,0,0,0,1,0,0,0,-0.008150000000000003,1]},{"matrix":[1,0,0,0,0,1,0,0,0,0,1,0,0,0,0.007349999999999997,1]},{"matrix":[1,0,0,0,0,1,0,0,0,0,1,0,0,0,0.014499999999999999,1]},{"matrix":[1,0,0,0,0,1,0,0,0,0,1,0,0,0,0.02015,1]},{"matrix":[0.5877852522924731,-0.8090169943749475,-5.551115123125783e-17,0,5.551115123125783e-17,1.1102230246251565e-16,-1,0,0.8090169943749475,0.5877852522924731,1.1102230246251565e-16,0,4.908306104872806,3.5660931256584347,0,1],"children":[418,419,420,421,422]},{"name":"VtxBarrelModuleOuter_4","mesh":1},{"matrix":[1,0,0,0,0,1,0,0,0,0,1,0,0,0,-0.008150000000000003,1]},{"matrix":[1,0,0,0,0,1,0,0,0,0,1,0,0,0,0.007349999999999997,1]},{"matrix":[1,0,0,0,0,1,0,0,0,0,1,0,0,0,0.014499999999999999,1]},{"matrix":[1,0,0,0,0,1,0,0,0,0,1,0,0,0,0.02015,1]},{"matrix":[0.7431448254773942,-0.6691306063588582,0,0,0,0,-1,0,0.6691306063588582,0.7431448254773942,0,0,4.008092332089561,4.451437504609592,0,1],"children":[424,425,426,427,428]},{"name":"VtxBarrelModuleOuter_5","mesh":1},{"matrix":[1,0,0,0,0,1,0,0,0,0,1,0,0,0,-0.008150000000000003,1]},{"matrix":[1,0,0,0,0,1,0,0,0,0,1,0,0,0,0.007349999999999997,1]},{"matrix":[1,0,0,0,0,1,0,0,0,0,1,0,0,0,0.014499999999999999,1]},{"matrix":[1,0,0,0,0,1,0,0,0,0,1,0,0,0,0.02015,1]},{"matrix":[0.8660254037844385,-0.49999999999999994,-5.551115123125782e-17,0,5.551115123125783e-17,0,-1,0,0.49999999999999994,0.8660254037844386,0,0,3.033500000000001,5.254176124760189,0,1],"children":[430,431,432,433,434]},{"name":"VtxBarrelModuleOuter_6","mesh":1},{"matrix":[1,0,0,0,0,1,0,0,0,0,1,0,0,0,-0.008150000000000003,1]},{"matrix":[1,0,0,0,0,1,0,0,0,0,1,0,0,0,0.007349999999999997,1]},{"matrix":[1,0,0,0,0,1,0,0,0,0,1,0,0,0,0.014499999999999999,1]},{"matrix":[1,0,0,0,0,1,0,0,0,0,1,0,0,0,0.02015,1]},{"matrix":[0.9510565162951534,-0.3090169943749474,-2.775557561562891e-17,0,2.7755575615628914e-17,3.3306690738754696e-16,-1,0,0.3090169943749474,0.9510565162951535,3.330669073875469e-16,0,1.8510117963059354,5.69682853260797,0,1],"children":[436,437,438,439,440]},{"name":"VtxBarrelModuleOuter_7","mesh":1},{"matrix":[1,0,0,0,0,1,0,0,0,0,1,0,0,0,-0.008150000000000003,1]},{"matrix":[1,0,0,0,0,1,0,0,0,0,1,0,0,0,0.007349999999999997,1]},{"matrix":[1,0,0,0,0,1,0,0,0,0,1,0,0,0,0.014499999999999999,1]},{"matrix":[1,0,0,0,0,1,0,0,0,0,1,0,0,0,0.02015,1]},{"matrix":[0.9945218953682732,-0.1045284632676534,0,0,0,0,-1,0,0.1045284632676534,0.9945218953682733,0,0,0.6341741866448536,6.0337643391993145,0,1],"children":[442,443,444,445,446]},{"name":"VtxBarrelModuleOuter_8","mesh":1},{"matrix":[1,0,0,0,0,1,0,0,0,0,1,0,0,0,-0.008150000000000003,1]},{"matrix":[1,0,0,0,0,1,0,0,0,0,1,0,0,0,0.0073499