{"asset":{"version":"2.0","generator":"THREE.GLTFExporter"},"scenes":[{"name":"AuxScene","nodes":[516]}],"scene":0,"nodes":[{"name":"SiVertexEndcapModule1_0","mesh":0},{"matrix":[1,0,0,0,0,1,0,0,0,0,1,0,0,-0.004,0,1]},{"matrix":[1,0,0,0,0,1,0,0,0,0,1,0,0,0.001,0,1]},{"matrix":[0,1,0,0,0,0,-1,0,-1,0,0,0,-4.5,0,7.601100000000001,1],"children":[0,1,2]},{"name":"SiVertexEndcapModule1_1","mesh":0},{"matrix":[1,0,0,0,0,1,0,0,0,0,1,0,0,-0.004,0,1]},{"matrix":[1,0,0,0,0,1,0,0,0,0,1,0,0,0.001,0,1]},{"matrix":[0,-1,-1.1102230246251565e-16,0,-1.1102230246251565e-16,-2.220446049250313e-16,1,0,-1,-1.1102230246251565e-16,-2.220446049250313e-16,0,-4.5,0,-7.601100000000001,1],"children":[4,5,6]},{"name":"SiVertexEndcapModule1_2","mesh":0},{"matrix":[1,0,0,0,0,1,0,0,0,0,1,0,0,-0.004,0,1]},{"matrix":[1,0,0,0,0,1,0,0,0,0,1,0,0,0.001,0,1]},{"matrix":[-0.3826834323650902,0.9238795325112867,-1.1102230246251564e-16,0,-1.1102230246251565e-16,-4.440892098500626e-16,-1.0000000000000002,0,-0.9238795325112867,-0.38268343236509,0,0,-4.15745789630079,-1.722075445642904,7.5989,1],"children":[8,9,10]},{"name":"SiVertexEndcapModule1_3","mesh":0},{"matrix":[1,0,0,0,0,1,0,0,0,0,1,0,0,-0.004,0,1]},{"matrix":[1,0,0,0,0,1,0,0,0,0,1,0,0,0.001,0,1]},{"matrix":[0.38268343236509,-0.9238795325112866,1.6653345369377346e-16,0,5.551115123125783e-17,0,1,0,-0.9238795325112866,-0.38268343236509017,0,0,-4.15745789630079,-1.722075445642904,-7.5989,1],"children":[12,13,14]},{"name":"SiVertexEndcapModule1_4","mesh":0},{"matrix":[1,0,0,0,0,1,0,0,0,0,1,0,0,-0.004,0,1]},{"matrix":[1,0,0,0,0,1,0,0,0,0,1,0,0,0.001,0,1]},{"matrix":[-0.7071067811865475,0.7071067811865474,5.551115123125783e-17,0,-2.220446049250313e-16,0,-0.9999999999999999,0,-0.7071067811865475,-0.7071067811865476,3.3306690738754696e-16,0,-3.1819805153394642,-3.181980515339464,7.601100000000001,1],"children":[16,17,18]},{"name":"SiVertexEndcapModule1_5","mesh":0},{"matrix":[1,0,0,0,0,1,0,0,0,0,1,0,0,-0.004,0,1]},{"matrix":[1,0,0,0,0,1,0,0,0,0,1,0,0,0.001,0,1]},{"matrix":[0.7071067811865477,-0.7071067811865475,0,0,0,0,1,0,-0.7071067811865475,-0.7071067811865477,0,0,-3.1819805153394642,-3.181980515339464,-7.601100000000001,1],"children":[20,21,22]},{"name":"SiVertexEndcapModule1_6","mesh":0},{"matrix":[1,0,0,0,0,1,0,0,0,0,1,0,0,-0.004,0,1]},{"matrix":[1,0,0,0,0,1,0,0,0,0,1,0,0,0.001,0,1]},{"matrix":[-0.9238795325112865,0.38268343236509017,1.6653345369377348e-16,0,-8.326672684688674e-17,2.220446049250313e-16,-1,0,-0.38268343236509017,-0.9238795325112865,-2.220446049250313e-16,0,-1.7220754456429042,-4.15745789630079,7.5989,1],"children":[24,25,26]},{"name":"SiVertexEndcapModule1_7","mesh":0},{"matrix":[1,0,0,0,0,1,0,0,0,0,1,0,0,-0.004,0,1]},{"matrix":[1,0,0,0,0,1,0,0,0,0,1,0,0,0.001,0,1]},{"matrix":[0.9238795325112866,-0.3826834323650901,5.551115123125783e-17,0,5.551115123125783e-17,4.440892098500626e-16,0.9999999999999999,0,-0.3826834323650901,-0.9238795325112864,4.440892098500626e-16,0,-1.7220754456429042,-4.15745789630079,-7.5989,1],"children":[28,29,30]},{"name":"SiVertexEndcapModule1_8","mesh":0},{"matrix":[1,0,0,0,0,1,0,0,0,0,1,0,0,-0.004,0,1]},{"matrix":[1,0,0,0,0,1,0,0,0,0,1,0,0,0.001,0,1]},{"matrix":[-1,1.232595164407831e-32,1.224646799147353e-16,0,-1.224646799147353e-16,-2.220446049250313e-16,-1,0,1.232595164407831e-32,-1,2.220446049250313e-16,0,-2.755455298081545e-16,-4.5,7.601100000000001,1],"children":[32,33,34]},{"name":"SiVertexEndcapModule1_9","mesh":0},{"matrix":[1,0,0,0,0,1,0,0,0,0,1,0,0,-0.004,0,1]},{"matrix":[1,0,0,0,0,1,0,0,0,0,1,0,0,0.001,0,1]},{"matrix":[1,0,0,0,0,2.220446049250313e-16,1,0,0,-1,2.220446049250313e-16,0,-2.755455298081545e-16,-4.5,-7.601100000000001,1],"children":[36,37,38]},{"name":"SiVertexEndcapModule1_10","mesh":0},{"matrix":[1,0,0,0,0,1,0,0,0,0,1,0,0,-0.004,0,1]},{"matrix":[1,0,0,0,0,1,0,0,0,0,1,0,0,0.001,0,1]},{"matrix":[-0.9238795325112865,-0.38268343236509017,1.3877787807814457e-16,0,-1.942890293094024e-16,1.1102230246251565e-16,-1,0,0.38268343236509017,-0.9238795325112865,-2.220446049250313e-16,0,1.7220754456429037,-4.15745789630079,7.5989,1],"children":[40,41,42]},{"name":"SiVertexEndcapModule1_11","mesh":0},{"matrix":[1,0,0,0,0,1,0,0,0,0,1,0,0,-0.004,0,1]},{"matrix":[1,0,0,0,0,1,0,0,0,0,1,0,0,0.001,0,1]},{"matrix":[0.9238795325112866,0.3826834323650901,-5.551115123125783e-17,0,-5.551115123125783e-17,4.440892098500626e-16,0.9999999999999999,0,0.3826834323650901,-0.9238795325112864,4.440892098500626e-16,0,1.7220754456429037,-4.15745789630079,-7.5989,1],"children":[44,45,46]},{"name":"SiVertexEndcapModule1_12","mesh":0},{"matrix":[1,0,0,0,0,1,0,0,0,0,1,0,0,-0.004,0,1]},{"matrix":[1,0,0,0,0,1,0,0,0,0,1,0,0,0.001,0,1]},{"matrix":[-0.7071067811865475,-0.7071067811865475,2.220446049250313e-16,0,-5.551115123125783e-17,0,-0.9999999999999999,0,0.7071067811865474,-0.7071067811865476,2.220446049250313e-16,0,3.181980515339464,-3.1819805153394642,7.601100000000001,1],"children":[48,49,50]},{"name":"SiVertexEndcapModule1_13","mesh":0},{"matrix":[1,0,0,0,0,1,0,0,0,0,1,0,0,-0.004,0,1]},{"matrix":[1,0,0,0,0,1,0,0,0,0,1,0,0,0.001,0,1]},{"matrix":[0.7071067811865477,0.7071067811865475,0,0,0,0,1,0,0.7071067811865475,-0.7071067811865477,0,0,3.181980515339464,-3.1819805153394642,-7.601100000000001,1],"children":[52,53,54]},{"name":"SiVertexEndcapModule1_14","mesh":0},{"matrix":[1,0,0,0,0,1,0,0,0,0,1,0,0,-0.004,0,1]},{"matrix":[1,0,0,0,0,1,0,0,0,0,1,0,0,0.001,0,1]},{"matrix":[-0.3826834323650902,-0.9238795325112866,2.2204460492503128e-16,0,0,-4.440892098500626e-16,-1,0,0.9238795325112866,-0.3826834323650901,0,0,4.15745789630079,-1.7220754456429046,7.5989,1],"children":[56,57,58]},{"name":"SiVertexEndcapModule1_15","mesh":0},{"matrix":[1,0,0,0,0,1,0,0,0,0,1,0,0,-0.004,0,1]},{"matrix":[1,0,0,0,0,1,0,0,0,0,1,0,0,0.001,0,1]},{"matrix":[0.38268343236509,0.9238795325112866,-1.6653345369377346e-16,0,-5.551115123125783e-17,0,1,0,0.9238795325112866,-0.38268343236509017,0,0,4.15745789630079,-1.7220754456429046,-7.5989,1],"children":[60,61,62]},{"name":"SiVertexEndcapModule1_16","mesh":0},{"matrix":[1,0,0,0,0,1,0,0,0,0,1,0,0,-0.004,0,1]},{"matrix":[1,0,0,0,0,1,0,0,0,0,1,0,0,0.001,0,1]},{"matrix":[0,-1,0,0,0,0,-1,0,1,0,0,0,4.5,-5.51091059616309e-16,7.601100000000001,1],"children":[64,65,66]},{"name":"SiVertexEndcapModule1_17","mesh":0},{"matrix":[1,0,0,0,0,1,0,0,0,0,1,0,0,-0.004,0,1]},{"matrix":[1,0,0,0,0,1,0,0,0,0,1,0,0,0.001,0,1]},{"matrix":[0,1,-5.551115123125783e-17,0,-5.551115123125783e-17,1.1102230246251565e-16,1,0,1,5.551115123125783e-17,1.1102230246251565e-16,0,4.5,-5.51091059616309e-16,-7.601100000000001,1],"children":[68,69,70]},{"name":"SiVertexEndcapModule1_18","mesh":0},{"matrix":[1,0,0,0,0,1,0,0,0,0,1,0,0,-0.004,0,1]},{"matrix":[1,0,0,0,0,1,0,0,0,0,1,0,0,0.001,0,1]},{"matrix":[0.38268343236509,-0.9238795325112866,-1.6653345369377346e-16,0,5.551115123125783e-17,0,-1,0,0.9238795325112866,0.38268343236509017,0,0,4.157457896300791,1.7220754456429035,7.5989,1],"children":[72,73,74]},{"name":"SiVertexEndcapModule1_19","mesh":0},{"matrix":[1,0,0,0,0,1,0,0,0,0,1,0,0,-0.004,0,1]},{"matrix":[1,0,0,0,0,1,0,0,0,0,1,0,0,0.001,0,1]},{"matrix":[-0.3826834323650902,0.9238795325112867,1.1102230246251564e-16,0,-1.1102230246251565e-16,-4.440892098500626e-16,1.0000000000000002,0,0.9238795325112867,0.38268343236509,0,0,4.157457896300791,1.7220754456429035,-7.5989,1],"children":[76,77,78]},{"name":"SiVertexEndcapModule1_20","mesh":0},{"matrix":[1,0,0,0,0,1,0,0,0,0,1,0,0,-0.004,0,1]},{"matrix":[1,0,0,0,0,1,0,0,0,0,1,0,0,0.001,0,1]},{"matrix":[0.7071067811865477,-0.7071067811865475,0,0,0,0,-1,0,0.7071067811865475,0.7071067811865477,0,0,3.1819805153394647,3.181980515339464,7.601100000000001,1],"children":[80,81,82]},{"name":"SiVertexEndcapModule1_21","mesh":0},{"matrix":[1,0,0,0,0,1,0,0,0,0,1,0,0,-0.004,0,1]},{"matrix":[1,0,0,0,0,1,0,0,0,0,1,0,0,0.001,0,1]},{"matrix":[-0.7071067811865475,0.7071067811865474,-5.551115123125783e-17,0,-2.220446049250313e-16,0,0.9999999999999999,0,0.7071067811865475,0.7071067811865476,3.3306690738754696e-16,0,3.1819805153394647,3.181980515339464,-7.601100000000001,1],"children":[84,85,86]},{"name":"SiVertexEndcapModule1_22","mesh":0},{"matrix":[1,0,0,0,0,1,0,0,0,0,1,0,0,-0.004,0,1]},{"matrix":[1,0,0,0,0,1,0,0,0,0,1,0,0,0.001,0,1]},{"matrix":[0.9238795325112866,-0.3826834323650901,-5.551115123125783e-17,0,5.551115123125783e-17,4.440892098500626e-16,-0.9999999999999999,0,0.3826834323650901,0.9238795325112864,4.440892098500626e-16,0,1.7220754456429066,4.157457896300789,7.5989,1],"children":[88,89,90]},{"name":"SiVertexEndcapModule1_23","mesh":0},{"matrix":[1,0,0,0,0,1,0,0,0,0,1,0,0,-0.004,0,1]},{"matrix":[1,0,0,0,0,1,0,0,0,0,1,0,0,0.001,0,1]},{"matrix":[-0.9238795325112865,0.38268343236509017,-1.6653345369377348e-16,0,-8.326672684688674e-17,2.220446049250313e-16,1,0,0.38268343236509017,0.9238795325112865,-2.220446049250313e-16,0,1.7220754456429066,4.157457896300789,-7.5989,1],"children":[92,93,94]},{"name":"SiVertexEndcapModule1_24","mesh":0},{"matrix":[1,0,0,0,0,1,0,0,0,0,1,0,0,-0.004,0,1]},{"matrix":[1,0,0,0,0,1,0,0,0,0,1,0,0,0.001,0,1]},{"matrix":[1,0,0,0,0,2.220446049250313e-16,-1,0,0,1,2.220446049250313e-16,0,8.266365894244633e-16,4.5,7.601100000000001,1],"children":[96,97,98]},{"name":"SiVertexEndcapModule1_25","mesh":0},{"matrix":[1,0,0,0,0,1,0,0,0,0,1,0,0,-0.004,0,1]},{"matrix":[1,0,0,0,0,1,0,0,0,0,1,0,0,0.001,0,1]},{"matrix":[-1,1.232595164407831e-32,-1.224646799147353e-16,0,-1.224646799147353e-16,-2.220446049250313e-16,1,0,-1.232595164407831e-32,1,2.220446049250313e-16,0,8.266365894244633e-16,4.5,-7.601100000000001,1],"children":[100,101,102]},{"name":"SiVertexEndcapModule1_26","mesh":0},{"matrix":[1,0,0,0,0,1,0,0,0,0,1,0,0,-0.004,0,1]},{"matrix":[1,0,0,0,0,1,0,0,0,0,1,0,0,0.001,0,1]},{"matrix":[0.9238795325112866,0.3826834323650901,5.551115123125783e-17,0,-5.551115123125783e-17,4.440892098500626e-16,-0.9999999999999999,0,-0.3826834323650901,0.9238795325112864,4.440892098500626e-16,0,-1.722075445642905,4.15745789630079,7.5989,1],"children":[104,105,106]},{"name":"SiVertexEndcapModule1_27","mesh":0},{"matrix":[1,0,0,0,0,1,0,0,0,0,1,0,0,-0.004,0,1]},{"matrix":[1,0,0,0,0,1,0,0,0,0,1,0,0,0.001,0,1]},{"matrix":[-0.9238795325112865,-0.38268343236509017,-1.3877787807814457e-16,0,-1.942890293094024e-16,1.1102230246251565e-16,1,0,-0.38268343236509017,0.9238795325112865,-2.220446049250313e-16,0,-1.722075445642905,4.15745789630079,-7.5989,1],"children":[108,109,110]},{"name":"SiVertexEndcapModule1_28","mesh":0},{"matrix":[1,0,0,0,0,1,0,0,0,0,1,0,0,-0.004,0,1]},{"matrix":[1,0,0,0,0,1,0,0,0,0,1,0,0,0.001,0,1]},{"matrix":[0.7071067811865469,0.7071067811865482,0,0,0,0,-1,0,-0.7071067811865482,0.707106781186547,0,0,-3.181980515339466,3.1819805153394616,7.601100000000001,1],"children":[112,113,114]},{"name":"SiVertexEndcapModule1_29","mesh":0},{"matrix":[1,0,0,0,0,1,0,0,0,0,1,0,0,-0.004,0,1]},{"matrix":[1,0,0,0,0,1,0,0,0,0,1,0,0,0.001,0,1]},{"matrix":[-0.707106781186547,-0.7071067811865481,-1.1102230246251565e-16,0,-1.1102230246251565e-16,0,1,0,-0.7071067811865481,0.707106781186547,0,0,-3.181980515339466,3.1819805153394616,-7.601100000000001,1],"children":[116,117,118]},{"name":"SiVertexEndcapModule1_30","mesh":0},{"matrix":[1,0,0,0,0,1,0,0,0,0,1,0,0,-0.004,0,1]},{"matrix":[1,0,0,0,0,1,0,0,0,0,1,0,0,0.001,0,1]},{"matrix":[0.3826834323650884,0.9238795325112874,5.551115123125783e-17,0,5.551115123125783e-17,0,-1,0,-0.9238795325112874,0.38268343236508845,0,0,-4.157457896300793,1.7220754456428993,7.5989,1],"children":[120,121,122]},{"name":"SiVertexEndcapModule1_31","mesh":0},{"matrix":[1,0,0,0,0,1,0,0,0,0,1,0,0,-0.004,0,1]},{"matrix":[1,0,0,0,0,1,0,0,0,0,1,0,0,0.001,0,1]},{"matrix":[-0.3826834323650885,-0.9238795325112874,-1.6653345369377348e-16,0,-1.6653345369377348e-16,-2.220446049250313e-16,1,0,-0.9238795325112874,0.3826834323650884,-2.220446049250313e-16,0,-4.157457896300793,1.7220754456428993,-7.5989,1],"children":[124,125,126]},{"name":"SiVertexEndcapModule2_32","mesh":1},{"matrix":[1,0,0,0,0,1,0,0,0,0,1,0,0,-0.004,0,1]},{"matrix":[1,0,0,0,0,1,0,0,0,0,1,0,0,0.001,0,1]},{"matrix":[0,1,0,0,0,0,-1,0,-1,0,0,0,-4.55,0,9.5011,1],"children":[128,129,130]},{"name":"SiVertexEndcapModule2_33","mesh":1},{"matrix":[1,0,0,0,0,1,0,0,0,0,1,0,0,-0.004,0,1]},{"matrix":[1,0,0,0,0,1,0,0,0,0,1,0,0,0.001,0,1]},{"matrix":[0,-1,-1.1102230246251565e-16,0,-1.1102230246251565e-16,-2.220446049250313e-16,1,0,-1,-1.1102230246251565e-16,-2.220446049250313e-16,0,-4.55,0,-9.5011,1],"children":[132,133,134]},{"name":"SiVertexEndcapModule2_34","mesh":1},{"matrix":[1,0,0,0,0,1,0,0,0,0,1,0,0,-0.004,0,1]},{"matrix":[1,0,0,0,0,1,0,0,0,0,1,0,0,0.001,0,1]},{"matrix":[-0.3826834323650902,0.9238795325112867,-1.1102230246251564e-16,0,-1.1102230246251565e-16,-4.440892098500626e-16,-1.0000000000000002,0,-0.9238795325112867,-0.38268343236509,0,0,-4.203651872926354,-1.7412096172611584,9.4989,1],"children":[136,137,138]},{"name":"SiVertexEndcapModule2_35","mesh":1},{"matrix":[1,0,0,0,0,1,0,0,0,0,1,0,0,-0.004,0,1]},{"matrix":[1,0,0,0,0,1,0,0,0,0,1,0,0,0.001,0,1]},{"matrix":[0.38268343236509,-0.9238795325112866,1.6653345369377346e-16,0,5.551115123125783e-17,0,1,0,-0.9238795325112866,-0.38268343236509017,0,0,-4.203651872926354,-1.7412096172611584,-9.4989,1],"children":[140,141,142]},{"name":"SiVertexEndcapModule2_36","mesh":1},{"matrix":[1,0,0,0,0,1,0,0,0,0,1,0,0,-0.004,0,1]},{"matrix":[1,0,0,0,0,1,0,0,0,0,1,0,0,0.001,0,1]},{"matrix":[-0.7071067811865475,0.7071067811865474,5.551115123125783e-17,0,-2.220446049250313e-16,0,-0.9999999999999999,0,-0.7071067811865475,-0.7071067811865476,3.3306690738754696e-16,0,-3.2173358543987916,-3.2173358543987907,9.5011,1],"children":[144,145,146]},{"name":"SiVertexEndcapModule2_37","mesh":1},{"matrix":[1,0,0,0,0,1,0,0,0,0,1,0,0,-0.004,0,1]},{"matrix":[1,0,0,0,0,1,0,0,0,0,1,0,0,0.001,0,1]},{"matrix":[0.7071067811865477,-0.7071067811865475,0,0,0,0,1,0,-0.7071067811865475,-0.7071067811865477,0,0,-3.2173358543987916,-3.2173358543987907,-9.5011,1],"children":[148,149,150]},{"name":"SiVertexEndcapModule2_38","mesh":1},{"matrix":[1,0,0,0,0,1,0,0,0,0,1,0,0,-0.004,0,1]},{"matrix":[1,0,0,0,0,1,0,0,0,0,1,0,0,0.001,0,1]},{"matrix":[-0.9238795325112865,0.38268343236509017,1.6653345369377348e-16,0,-8.326672684688674e-17,2.220446049250313e-16,-1,0,-0.38268343236509017,-0.9238795325112865,-2.220446049250313e-16,0,-1.7412096172611586,-4.203651872926354,9.4989,1],"children":[152,153,154]},{"name":"SiVertexEndcapModule2_39","mesh":1},{"matrix":[1,0,0,0,0,1,0,0,0,0,1,0,0,-0.004,0,1]},{"matrix":[1,0,0,0,0,1,0,0,0,0,1,0,0,0.001,0,1]},{"matrix":[0.9238795325112866,-0.3826834323650901,5.551115123125783e-17,0,5.551115123125783e-17,4.440892098500626e-16,0.9999999999999999,0,-0.3826834323650901,-0.9238795325112864,4.440892098500626e-16,0,-1.7412096172611586,-4.203651872926354,-9.4989,1],"children":[156,157,158]},{"name":"SiVertexEndcapModule2_40","mesh":1},{"matrix":[1,0,0,0,0,1,0,0,0,0,1,0,0,-0.004,0,1]},{"matrix":[1,0,0,0,0,1,0,0,0,0,1,0,0,0.001,0,1]},{"matrix":[-1,1.232595164407831e-32,1.224646799147353e-16,0,-1.224646799147353e-16,-2.220446049250313e-16,-1,0,1.232595164407831e-32,-1,2.220446049250313e-16,0,-2.7860714680602287e-16,-4.55,9.5011,1],"children":[160,161,162]},{"name":"SiVertexEndcapModule2_41","mesh":1},{"matrix":[1,0,0,0,0,1,0,0,0,0,1,0,0,-0.004,0,1]},{"matrix":[1,0,0,0,0,1,0,0,0,0,1,0,0,0.001,0,1]},{"matrix":[1,0,0,0,0,2.220446049250313e-16,1,0,0,-1,2.220446049250313e-16,0,-2.7860714680602287e-16,-4.55,-9.5011,1],"children":[164,165,166]},{"name":"SiVertexEndcapModule2_42","mesh":1},{"matrix":[1,0,0,0,0,1,0,0,0,0,1,0,0,-0.004,0,1]},{"matrix":[1,0,0,0,0,1,0,0,0,0,1,0,0,0.001,0,1]},{"matrix":[-0.9238795325112865,-0.38268343236509017,1.3877787807814457e-16,0,-1.942890293094024e-16,1.1102230246251565e-16,-1,0,0.38268343236509017,-0.9238795325112865,-2.220446049250313e-16,0,1.7412096172611582,-4.203651872926354,9.4989,1],"children":[168,169,170]},{"name":"SiVertexEndcapModule2_43","mesh":1},{"matrix":[1,0,0,0,0,1,0,0,0,0,1,0,0,-0.004,0,1]},{"matrix":[1,0,0,0,0,1,0,0,0,0,1,0,0,0.001,0,1]},{"matrix":[0.9238795325112866,0.3826834323650901,-5.551115123125783e-17,0,-5.551115123125783e-17,4.440892098500626e-16,0.9999999999999999,0,0.3826834323650901,-0.9238795325112864,4.440892098500626e-16,0,1.7412096172611582,-4.203651872926354,-9.4989,1],"children":[172,173,174]},{"name":"SiVertexEndcapModule2_44","mesh":1},{"matrix":[1,0,0,0,0,1,0,0,0,0,1,0,0,-0.004,0,1]},{"matrix":[1,0,0,0,0,1,0,0,0,0,1,0,0,0.001,0,1]},{"matrix":[-0.7071067811865475,-0.7071067811865475,2.220446049250313e-16,0,-5.551115123125783e-17,0,-0.9999999999999999,0,0.7071067811865474,-0.7071067811865476,2.220446049250313e-16,0,3.2173358543987907,-3.2173358543987916,9.5011,1],"children":[176,177,178]},{"name":"SiVertexEndcapModule2_45","mesh":1},{"matrix":[1,0,0,0,0,1,0,0,0,0,1,0,0,-0.004,0,1]},{"matrix":[1,0,0,0,0,1,0,0,0,0,1,0,0,0.001,0,1]},{"matrix":[0.7071067811865477,0.7071067811865475,0,0,0,0,1,0,0.7071067811865475,-0.7071067811865477,0,0,3.2173358543987907,-3.2173358543987916,-9.5011,1],"children":[180,181,182]},{"name":"SiVertexEndcapModule2_46","mesh":1},{"matrix":[1,0,0,0,0,1,0,0,0,0,1,0,0,-0.004,0,1]},{"matrix":[1,0,0,0,0,1,0,0,0,0,1,0,0,0.001,0,1]},{"matrix":[-0.3826834323650902,-0.9238795325112866,2.2204460492503128e-16,0,0,-4.440892098500626e-16,-1,0,0.9238795325112866,-0.3826834323650901,0,0,4.203651872926354,-1.7412096172611589,9.4989,1],"children":[184,185,186]},{"name":"SiVertexEndcapModule2_47","mesh":1},{"matrix":[1,0,0,0,0,1,0,0,0,0,1,0,0,-0.004,0,1]},{"matrix":[1,0,0,0,0,1,0,0,0,0,1,0,0,0.001,0,1]},{"matrix":[0.38268343236509,0.9238795325112866,-1.6653345369377346e-16,0,-5.551115123125783e-17,0,1,0,0.9238795325112866,-0.38268343236509017,0,0,4.203651872926354,-1.7412096172611589,-9.4989,1],"children":[188,189,190]},{"name":"SiVertexEndcapModule2_48","mesh":1},{"matrix":[1,0,0,0,0,1,0,0,0,0,1,0,0,-0.004,0,1]},{"matrix":[1,0,0,0,0,1,0,0,0,0,1,0,0,0.001,0,1]},{"matrix":[0,-1,0,0,0,0,-1,0,1,0,0,0,4.55,-5.572142936120457e-16,9.5011,1],"children":[192,193,194]},{"name":"SiVertexEndcapModule2_49","mesh":1},{"matrix":[1,0,0,0,0,1,0,0,0,0,1,0,0,-0.004,0,1]},{"matrix":[1,0,0,0,0,1,0,0,0,0,1,0,0,0.001,0,1]},{"matrix":[0,1,-5.551115123125783e-17,0,-5.551115123125783e-17,1.1102230246251565e-16,1,0,1,5.551115123125783e-17,1.1102230246251565e-16,0,4.55,-5.572142936120457e-16,-9.5011,1],"children":[196,197,198]},{"name":"SiVertexEndcapModule2_50","mesh":1},{"matrix":[1,0,0,0,0,1,0,0,0,0,1,0,0,-0.004,0,1]},{"matrix":[1,0,0,0,0,1,0,0,0,0,1,0,0,0.001,0,1]},{"matrix":[0.38268343236509,-0.9238795325112866,-1.6653345369377346e-16,0,5.551115123125783e-17,0,-1,0,0.9238795325112866,0.38268343236509017,0,0,4.203651872926355,1.741209617261158,9.4989,1],"children":[200,201,202]},{"name":"SiVertexEndcapModule2_51","mesh":1},{"matrix":[1,0,0,0,0,1,0,0,0,0,1,0,0,-0.004,0,1]},{"matrix":[1,0,0,0,0,1,0,0,0,0,1,0,0,0.001,0,1]},{"matrix":[-0.3826834323650902,0.9238795325112867,1.1102230246251564e-16,0,-1.1102230246251565e-16,-4.440892098500626e-16,1.0000000000000002,0,0.9238795325112867,0.38268343236509,0,0,4.203651872926355,1.741209617261158,-9.4989,1],"children":[204,205,206]},{"name":"SiVertexEndcapModule2_52","mesh":1},{"matrix":[1,0,0,0,0,1,0,0,0,0,1,0,0,-0.004,0,1]},{"matrix":[1,0,0,0,0,1,0,0,0,0,1,0,0,0.001,0,1]},{"matrix":[0.7071067811865477,-0.7071067811865475,0,0,0,0,-1,0,0.7071067811865475,0.7071067811865477,0,0,3.217335854398792,3.2173358543987907,9.5011,1],"children":[208,209,210]},{"name":"SiVertexEndcapModule2_53","mesh":1},{"matrix":[1,0,0,0,0,1,0,0,0,0,1,0,0,-0.004,0,1]},{"matrix":[1,0,0,0,0,1,0,0,0,0,1,0,0,0.001,0,1]},{"matrix":[-0.7071067811865475,0.7071067811865474,-5.551115123125783e-17,0,-2.220446049250313e-16,0,0.9999999999999999,0,0.7071067811865475,0.7071067811865476,3.3306690738754696e-16,0,3.217335854398792,3.2173358543987907,-9.5011,1],"children":[212,213,214]},{"name":"SiVertexEndcapModule2_54","mesh":1},{"matrix":[1,0,0,0,0,1,0,0,0,0,1,0,0,-0.004,0,1]},{"matrix":[1,0,0,0,0,1,0,0,0,0,1,0,0,0.001,0,1]},{"matrix":[0.9238795325112866,-0.3826834323650901,-5.551115123125783e-17,0,5.551115123125783e-17,4.440892098500626e-16,-0.9999999999999999,0,0.3826834323650901,0.9238795325112864,4.440892098500626e-16,0,1.7412096172611609,4.203651872926353,9.4989,1],"children":[216,217,218]},{"name":"SiVertexEndcapModule2_55","mesh":1},{"matrix":[1,0,0,0,0,1,0,0,0,0,1,0,0,-0.004,0,1]},{"matrix":[1,0,0,0,0,1,0,0,0,0,1,0,0,0.001,0,1]},{"matrix":[-0.9238795325112865,0.38268343236509017,-1.6653345369377348e-16,0,-8.326672684688674e-17,2.220446049250313e-16,1,0,0.38268343236509017,0.9238795325112865,-2.220446049250313e-16,0,1.7412096172611609,4.203651872926353,-9.4989,1],"children":[220,221,222]},{"name":"SiVertexEndcapModule2_56","mesh":1},{"matrix":[1,0,0,0,0,1,0,0,0,0,1,0,0,-0.004,0,1]},{"matrix":[1,0,0,0,0,1,0,0,0,0,1,0,0,0.001,0,1]},{"matrix":[1,0,0,0,0,2.220446049250313e-16,-1,0,0,1,2.220446049250313e-16,0,8.358214404180685e-16,4.55,9.5011,1],"children":[224,225,226]},{"name":"SiVertexEndcapModule2_57","mesh":1},{"matrix":[1,0,0,0,0,1,0,0,0,0,1,0,0,-0.004,0,1]},{"matrix":[1,0,0,0,0,1,0,0,0,0,1,0,0,0.001,0,1]},{"matrix":[-1,1.232595164407831e-32,-1.224646799147353e-16,0,-1.224646799147353e-16,-2.220446049250313e-16,1,0,-1.232595164407831e-32,1,2.220446049250313e-16,0,8.358214404180685e-16,4.55,-9.5011,1],"children":[228,229,230]},{"name":"SiVertexEndcapModule2_58","mesh":1},{"matrix":[1,0,0,0,0,1,0,0,0,0,1,0,0,-0.004,0,1]},{"matrix":[1,0,0,0,0,1,0,0,0,0,1,0,0,0.001,0,1]},{"matrix":[0.9238795325112866,0.3826834323650901,5.551115123125783e-17,0,-5.551115123125783e-17,4.440892098500626e-16,-0.9999999999999999,0,-0.3826834323650901,0.9238795325112864,4.440892098500626e-16,0,-1.7412096172611595,4.203651872926354,9.4989,1],"children":[232,233,234]},{"name":"SiVertexEndcapModule2_59","mesh":1},{"matrix":[1,0,0,0,0,1,0,0,0,0,1,0,0,-0.004,0,1]},{"matrix":[1,0,0,0,0,1,0,0,0,0,1,0,0,0.001,0,1]},{"matrix":[-0.9238795325112865,-0.38268343236509017,-1.3877787807814457e-16,0,-1.942890293094024e-16,1.1102230246251565e-16,1,0,-0.38268343236509017,0.9238795325112865,-2.220446049250313e-16,0,-1.7412096172611595,4.203651872926354,-9.4989,1],"children":[236,237,238]},{"name":"SiVertexEndcapModule2_60","mesh":1},{"matrix":[1,0,0,0,0,1,0,0,0,0,1,0,0,-0.004,0,1]},{"matrix":[1,0,0,0,0,1,0,0,0,0,1,0,0,0.001,0,1]},{"matrix":[0.7071067811865469,0.7071067811865482,0,0,0,0,-1,0,-0.7071067811865482,0.707106781186547,0,0,-3.2173358543987933,3.217335854398789,9.5011,1],"children":[240,241,242]},{"name":"SiVertexEndcapModule2_61","mesh":1},{"matrix":[1,0,0,0,0,1,0,0,0,0,1,0,0,-0.004,0,1]},{"matrix":[1,0,0,0,0,1,0,0,0,0,1,0,0,0.001,0,1]},{"matrix":[-0.707106781186547,-0.7071067811865481,-1.1102230246251565e-16,0,-1.1102230246251565e-16,0,1,0,-0.7071067811865481,0.707106781186547,0,0,-3.2173358543987933,3.217335854398789,-9.5011,1],"children":[244,245,246]},{"name":"SiVertexEndcapModule2_62","mesh":1},{"matrix":[1,0,0,0,0,1,0,0,0,0,1,0,0,-0.004,0,1]},{"matrix":[1,0,0,0,0,1,0,0,0,0,1,0,0,0.001,0,1]},{"matrix":[0.3826834323650884,0.9238795325112874,5.551115123125783e-17,0,5.551115123125783e-17,0,-1,0,-0.9238795325112874,0.38268343236508845,0,0,-4.203651872926357,1.7412096172611535,9.4989,1],"children":[248,249,250]},{"name":"SiVertexEndcapModule2_63","mesh":1},{"matrix":[1,0,0,0,0,1,0,0,0,0,1,0,0,-0.004,0,1]},{"matrix":[1,0,0,0,0,1,0,0,0,0,1,0,0,0.001,0,1]},{"matrix":[-0.3826834323650885,-0.9238795325112874,-1.6653345369377348e-16,0,-1.6653345369377348e-16,-2.220446049250313e-16,1,0,-0.9238795325112874,0.3826834323650884,-2.220446049250313e-16,0,-4.203651872926357,1.7412096172611535,-9.4989,1],"children":[252,253,254]},{"name":"SiVertexEndcapModule2_64","mesh":1},{"matrix":[1,0,0,0,0,1,0,0,0,0,1,0,0,-0.004,0,1]},{"matrix":[1,0,0,0,0,1,0,0,0,0,1,0,0,0.001,0,1]},{"matrix":[0,1,0,0,0,0,-1,0,-1,0,0,0,-4.65,0,12.5011,1],"children":[256,257,258]},{"name":"SiVertexEndcapModule2_65","mesh":1},{"matrix":[1,0,0,0,0,1,0,0,0,0,1,0,0,-0.004,0,1]},{"matrix":[1,0,0,0,0,1,0,0,0,0,1,0,0,0.001,0,1]},{"matrix":[0,-1,-1.1102230246251565e-16,0,-1.1102230246251565e-16,-2.220446049250313e-16,1,0,-1,-1.1102230246251565e-16,-2.220446049250313e-16,0,-4.65,0,-12.5011,1],"children":[260,261,262]},{"name":"SiVertexEndcapModule2_66","mesh":1},{"matrix":[1,0,0,0,0,1,0,0,0,0,1,0,0,-0.004,0,1]},{"matrix":[1,0,0,0,0,1,0,0,0,0,1,0,0,0.001,0,1]},{"matrix":[-0.3826834323650902,0.9238795325112867,-1.1102230246251564e-16,0,-1.1102230246251565e-16,-4.440892098500626e-16,-1.0000000000000002,0,-0.9238795325112867,-0.38268343236509,0,0,-4.296039826177483,-1.7794779604976676,12.4989,1],"children":[264,265,266]},{"name":"SiVertexEndcapModule2_67","mesh":1},{"matrix":[1,0,0,0,0,1,0,0,0,0,1,0,0,-0.004,0,1]},{"matrix":[1,0,0,0,0,1,0,0,0,0,1,0,0,0.001,0,1]},{"matrix":[0.38268343236509,-0.9238795325112866,1.6653345369377346e-16,0,5.551115123125783e-17,0,1,0,-0.9238795325112866,-0.38268343236509017,0,0,-4.296039826177483,-1.7794779604976676,-12.4989,1],"children":[268,269,270]},{"name":"SiVertexEndcapModule2_68","mesh":1},{"matrix":[1,0,0,0,0,1,0,0,0,0,1,0,0,-0.004,0,1]},{"matrix":[1,0,0,0,0,1,0,0,0,0,1,0,0,0.001,0,1]},{"matrix":[-0.7071067811865475,0.7071067811865474,5.551115123125783e-17,0,-2.220446049250313e-16,0,-0.9999999999999999,0,-0.7071067811865475,-0.7071067811865476,3.3306690738754696e-16,0,-3.2880465325174466,-3.288046532517446,12.5011,1],"children":[272,273,274]},{"name":"SiVertexEndcapModule2_69","mesh":1},{"matrix":[1,0,0,0,0,1,0,0,0,0,1,0,0,-0.004,0,1]},{"matrix":[1,0,0,0,0,1,0,0,0,0,1,0,0,0.001,0,1]},{"matrix":[0.7071067811865477,-0.7071067811865475,0,0,0,0,1,0,-0.7071067811865475,-0.7071067811865477,0,0,-3.2880465325174466,-3.288046532517446,-12.5011,1],"children":[276,277,278]},{"name":"SiVertexEndcapModule2_70","mesh":1},{"matrix":[1,0,0,0,0,1,0,0,0,0,1,0,0,-0.004,0,1]},{"matrix":[1,0,0,0,0,1,0,0,0,0,1,0,0,0.001,0,1]},{"matrix":[-0.9238795325112865,0.38268343236509017,1.6653345369377348e-16,0,-8.326672684688674e-17,2.220446049250313e-16,-1,0,-0.38268343236509017,-0.9238795325112865,-2.220446049250313e-16,0,-1.7794779604976678,-4.296039826177483,12.4989,1],"children":[280,281,282]},{"name":"SiVertexEndcapModule2_71","mesh":1},{"matrix":[1,0,0,0,0,1,0,0,0,0,1,0,0,-0.004,0,1]},{"matrix":[1,0,0,0,0,1,0,0,0,0,1,0,0,0.001,0,1]},{"matrix":[0.9238795325112866,-0.3826834323650901,5.551115123125783e-17,0,5.551115123125783e-17,4.440892098500626e-16,0.9999999999999999,0,-0.3826834323650901,-0.9238795325112864,4.440892098500626e-16,0,-1.7794779604976678,-4.296039826177483,-12.4989,1],"children":[284,285,286]},{"name":"SiVertexEndcapModule2_72","mesh":1},{"matrix":[1,0,0,0,0,1,0,0,0,0,1,0,0,-0.004,0,1]},{"matrix":[1,0,0,0,0,1,0,0,0,0,1,0,0,0.001,0,1]},{"matrix":[-1,1.232595164407831e-32,1.224646799147353e-16,0,-1.224646799147353e-16,-2.220446049250313e-16,-1,0,1.232595164407831e-32,-1,2.220446049250313e-16,0,-2.8473038080175964e-16,-4.65,12.5011,1],"children":[288,289,290]},{"name":"SiVertexEndcapModule2_73","mesh":1},{"matrix":[1,0,0,0,0,1,0,0,0,0,1,0,0,-0.004,0,1]},{"matrix":[1,0,0,0,0,1,0,0,0,0,1,0,0,0.001,0,1]},{"matrix":[1,0,0,0,0,2.220446049250313e-16,1,0,0,-1,2.220446049250313e-16,0,-2.8473038080175964e-16,-4.65,-12.5011,1],"children":[292,293,294]},{"name":"SiVertexEndcapModule2_74","mesh":1},{"matrix":[1,0,0,0,0,1,0,0,0,0,1,0,0,-0.004,0,1]},{"matrix":[1,0,0,0,0,1,0,0,0,0,1,0,0,0.001,0,1]},{"matrix":[-0.9238795325112865,-0.38268343236509017,1.3877787807814457e-16,0,-1.942890293094024e-16,1.1102230246251565e-16,-1,0,0.38268343236509017,-0.9238795325112865,-2.220446049250313e-16,0,1.7794779604976674,-4.296039826177483,12.4989,1],"children":[296,297,298]},{"name":"SiVertexEndcapModule2_75","mesh":1},{"matrix":[1,0,0,0,0,1,0,0,0,0,1,0,0,-0.004,0,1]},{"matrix":[1,0,0,0,0,1,0,0,0,0,1,0,0,0.001,0,1]},{"matrix":[0.9238795325112866,0.3826834323650901,-5.551115123125783e-17,0,-5.551115123125783e-17,4.440892098500626e-16,0.9999999999999999,0,0.3826834323650901,-0.9238795325112864,4.440892098500626e-16,0,1.7794779604976674,-4.296039826177483,-12.4989,1],"children":[300,301,302]},{"name":"SiVertexEndcapModule2_76","mesh":1},{"matrix":[1,0,0,0,0,1,0,0,0,0,1,0,0,-0.004,0,1]},{"matrix":[1,0,0,0,0,1,0,0,0,0,1,0,0,0.001,0,1]},{"matrix":[-0.7071067811865475,-0.7071067811865475,2.220446049250313e-16,0,-5.551115123125783e-17,0,-0.9999999999999999,0,0.7071067811865474,-0.7071067811865476,2.220446049250313e-16,0,3.288046532517446,-3.2880465325174466,12.5011,1],"children":[304,305,306]},{"name":"SiVertexEndcapModule2_77","mesh":1},{"matrix":[1,0,0,0,0,1,0,0,0,0,1,0,0,-0.004,0,1]},{"matrix":[1,0,0,0,0,1,0,0,0,0,1,0,0,0.001,0,1]},{"matrix":[0.7071067811865477,0.7071067811865475,0,0,0,0,1,0,0.7071067811865475,-0.7071067811865477,0,0,3.288046532517446,-3.2880465325174466,-12.5011,1],"children":[308,309,310]},{"name":"SiVertexEndcapModule2_78","mesh":1},{"matrix":[1,0,0,0,0,1,0,0,0,0,1,0,0,-0.004,0,1]},{"matrix":[1,0,0,0,0,1,0,0,0,0,1,0,0,0.001,0,1]},{"matrix":[-0.3826834323650902,-0.9238795325112866,2.2204460492503128e-16,0,0,-4.440892098500626e-16,-1,0,0.9238795325112866,-0.3826834323650901,0,0,4.296039826177483,-1.779477960497668,12.4989,1],"children":[312,313,314]},{"name":"SiVertexEndcapModule2_79","mesh":1},{"matrix":[1,0,0,0,0,1,0,0,0,0,1,0,0,-0.004,0,1]},{"matrix":[1,0,0,0,0,1,0,0,0,0,1,0,0,0.001,0,1]},{"matrix":[0.38268343236509,0.9238795325112866,-1.6653345369377346e-16,0,-5.551115123125783e-17,0,1,0,0.9238795325112866,-0.38268343236509017,0,0,4.296039826177483,-1.779477960497668,-12.4989,1],"children":[316,317,318]},{"name":"SiVertexEndcapModule2_80","mesh":1},{"matrix":[1,0,0,0,0,1,0,0,0,0,1,0,0,-0.004,0,1]},{"matrix":[1,0,0,0,0,1,0,0,0,0,1,0,0,0.001,0,1]},{"matrix":[0,-1,0,0,0,0,-1,0,1,0,0,0,4.65,-5.694607616035193e-16,12.5011,1],"children":[320,321,322]},{"name":"SiVertexEndcapModule2_81","mesh":1},{"matrix":[1,0,0,0,0,1,0,0,0,0,1,0,0,-0.004,0,1]},{"matrix":[1,0,0,0,0,1,0,0,0,0,1,0,0,0.001,0,1]},{"matrix":[0,1,-5.551115123125783e-17,0,-5.551115123125783e-17,1.1102230246251565e-16,1,0,1,5.551115123125783e-17,1.1102230246251565e-16,0,4.65,-5.694607616035193e-16,-12.5011,1],"children":[324,325,326]},{"name":"SiVertexEndcapModule2_82","mesh":1},{"matrix":[1,0,0,0,0,1,0,0,0,0,1,0,0,-0.004,0,1]},{"matrix":[1,0,0,0,0,1,0,0,0,0,1,0,0,0.001,0,1]},{"matrix":[0.38268343236509,-0.9238795325112866,-1.6653345369377346e-16,0,5.551115123125783e-17,0,-1,0,0.9238795325112866,0.38268343236509017,0,0,4.296039826177484,1.7794779604976672,12.4989,1],"children":[328,329,330]},{"name":"SiVertexEndcapModule2_83","mesh":1},{"matrix":[1,0,0,0,0,1,0,0,0,0,1,0,0,-0.004,0,1]},{"matrix":[1,0,0,0,0,1,0,0,0,0,1,0,0,0.001,0,1]},{"matrix":[-0.3826834323650902,0.9238795325112867,1.1102230246251564e-16,0,-1.1102230246251565e-16,-4.440892098500626e-16,1.0000000000000002,0,0.9238795325112867,0.38268343236509,0,0,4.296039826177484,1.7794779604976672,-12.4989,1],"children":[332,333,334]},{"name":"SiVertexEndcapModule2_84","mesh":1},{"matrix":[1,0,0,0,0,1,0,0,0,0,1,0,0,-0.004,0,1]},{"matrix":[1,0,0,0,0,1,0,0,0,0,1,0,0,0.001,0,1]},{"matrix":[0.7071067811865477,-0.7071067811865475,0,0,0,0,-1,0,0.7071067811865475,0.7071067811865477,0,0,3.288046532517447,3.288046532517446,12.5011,1],"children":[336,337,338]},{"name":"SiVertexEndcapModule2_85","mesh":1},{"matrix":[1,0,0,0,0,1,0,0,0,0,1,0,0,-0.004,0,1]},{"matrix":[1,0,0,0,0,1,0,0,0,0,1,0,0,0.001,0,1]},{"matrix":[-0.7071067811865475,0.7071067811865474,-5.551115123125783e-17,0,-2.220446049250313e-16,0,0.9999999999999999,0,0.7071067811865475,0.7071067811865476,3.3306690738754696e-16,0,3.288046532517447,3.288046532517446,-12.5011,1],"children":[340,341,342]},{"name":"SiVertexEndcapModule2_86","mesh":1},{"matrix":[1,0,0,0,0,1,0,0,0,0,1,0,0,-0.004,0,1]},{"matrix":[1,0,0,0,0,1,0,0,0,0,1,0,0,0.001,0,1]},{"matrix":[0.9238795325112866,-0.3826834323650901,-5.551115123125783e-17,0,5.551115123125783e-17,4.440892098500626e-16,-0.9999999999999999,0,0.3826834323650901,0.9238795325112864,4.440892098500626e-16,0,1.7794779604976703,4.296039826177482,12.4989,1],"children":[344,345,346]},{"name":"SiVertexEndcapModule2_87","mesh":1},{"matrix":[1,0,0,0,0,1,0,0,0,0,1,0,0,-0.004,0,1]},{"matrix":[1,0,0,0,0,1,0,0,0,0,1,0,0,0.001,0,1]},{"matrix":[-0.9238795325112865,0.38268343236509017,-1.6653345369377348e-16,0,-8.326672684688674e-17,2.220446049250313e-16,1,0,0.38268343236509017,0.9238795325112865,-2.220446049250313e-16,0,1.7794779604976703,4.296039826177482,-12.4989,1],"children":[348,349,350]},{"name":"SiVertexEndcapModule2_88","mesh":1},{"matrix":[1,0,0,0,0,1,0,0,0,0,1,0,0,-0.004,0,1]},{"matrix":[1,0,0,0,0,1,0,0,0,0,1,0,0,0.001,0,1]},{"matrix":[1,0,0,0,0,2.220446049250313e-16,-1,0,0,1,2.220446049250313e-16,0,8.541911424052789e-16,4.65,12.5011,1],"children":[352,353,354]},{"name":"SiVertexEndcapModule2_89","mesh":1},{"matrix":[1,0,0,0,0,1,0,0,0,0,1,0,0,-0.004,0,1]},{"matrix":[1,0,0,0,0,1,0,0,0,0,1,0,0,0.001,0,1]},{"matrix":[-1,1.232595164407831e-32,-1.224646799147353e-16,0,-1.224646799147353e-16,-2.220446049250313e-16,1,0,-1.232595164407831e-32,1,2.220446049250313e-16,0,8.541911424052789e-16,4.65,-12.5011,1],"children":[356,357,358]},{"name":"SiVertexEndcapModule2_90","mesh":1},{"matrix":[1,0,0,0,0,1,0,0,0,0,1,0,0,-0.004,0,1]},{"matrix":[1,0,0,0,0,1,0,0,0,0,1,0,0,0.001,0,1]},{"matrix":[0.9238795325112866,0.3826834323650901,5.551115123125783e-17,0,-5.551115123125783e-17,4.440892098500626e-16,-0.9999999999999999,0,-0.3826834323650901,0.9238795325112864,4.440892098500626e-16,0,-1.7794779604976687,4.296039826177483,12.4989,1],"children":[360,361,362]},{"name":"SiVertexEndcapModule2_91","mesh":1},{"matrix":[1,0,0,0,0,1,0,0,0,0,1,0,0,-0.004,0,1]},{"matrix":[1,0,0,0,0,1,0,0,0,0,1,0,0,0.001,0,1]},{"matrix":[-0.9238795325112865,-0.38268343236509017,-1.3877787807814457e-16,0,-1.942890293094024e-16,1.1102230246251565e-16,1,0,-0.38268343236509017,0.9238795325112865,-2.220446049250313e-16,0,-1.7794779604976687,4.296039826177483,-12.4989,1],"children":[364,365,366]},{"name":"SiVertexEndcapModule2_92","mesh":1},{"matrix":[1,0,0,0,0,1,0,0,0,0,1,0,0,-0.004,0,1]},{"matrix":[1,0,0,0,0,1,0,0,0,0,1,0,0,0.001,0,1]},{"matrix":[0.7071067811865469,0.7071067811865482,0,0,0,0,-1,0,-0.7071067811865482,0.707106781186547,0,0,-3.2880465325174484,3.288046532517444,12.5011,1],"children":[368,369,370]},{"name":"SiVertexEndcapModule2_93","mesh":1},{"matrix":[1,0,0,0,0,1,0,0,0,0,1,0,0,-0.004,0,1]},{"matrix":[1,0,0,0,0,1,0,0,0,0,1,0,0,0.001,0,1]},{"matrix":[-0.707106781186547,-0.7071067811865481,-1.1102230246251565e-16,0,-1.1102230246251565e-16,0,1,0,-0.7071067811865481,0.707106781186547,0,0,-3.2880465325174484,3.288046532517444,-12.5011,1],"children":[372,373,374]},{"name":"SiVertexEndcapModule2_94","mesh":1},{"matrix":[1,0,0,0,0,1,0,0,0,0,1,0,0,-0.004,0,1]},{"matrix":[1,0,0,0,0,1,0,0,0,0,1,0,0,0.001,0,1]},{"matrix":[0.3826834323650884,0.9238795325112874,5.551115123125783e-17,0,5.551115123125783e-17,0,-1,0,-0.9238795325112874,0.38268343236508845,0,0,-4.296039826177486,1.7794779604976627,12.4989,1],"children":[376,377,378]},{"name":"SiVertexEndcapModule2_95","mesh":1},{"matrix":[1,0,0,0,0,1,0,0,0,0,1,0,0,-0.004,0,1]},{"matrix":[1,0,0,0,0,1,0,0,0,0,1,0,0,0.001,0,1]},{"matrix":[-0.3826834323650885,-0.9238795325112874,-1.6653345369377348e-16,0,-1.6653345369377348e-16,-2.220446049250313e-16,1,0,-0.9238795325112874,0.3826834323650884,-2.220446049250313e-16,0,-4.296039826177486,1.7794779604976627,-12.4989,1],"children":[380,381,382]},{"name":"SiVertexEndcapModule2_96","mesh":1},{"matrix":[1,0,0,0,0,1,0,0,0,0,1,0,0,-0.004,0,1]},{"matrix":[1,0,0,0,0,1,0,0,0,0,1,0,0,0.001,0,1]},{"matrix":[0,1,0,0,0,0,-1,0,-1,0,0,0,-4.800000000000001,0,18.0011,1],"children":[384,385,386]},{"name":"SiVertexEndcapModule2_97","mesh":1},{"matrix":[1,0,0,0,0,1,0,0,0,0,1,0,0,-0.004,0,1]},{"matrix":[1,0,0,0,0,1,0,0,0,0,1,0,0,0.001,0,1]},{"matrix":[0,-1,-1.1102230246251565e-16,0,-1.1102230246251565e-16,-2.220446049250313e-16,1,0,-1,-1.1102230246251565e-16,-2.220446049250313e-16,0,-4.800000000000001,0,-18.0011,1],"children":[388,389,390]},{"name":"SiVertexEndcapModule2_98","mesh":1},{"matrix":[1,0,0,0,0,1,0,0,0,0,1,0,0,-0.004,0,1]},{"matrix":[1,0,0,0,0,1,0,0,0,0,1,0,0,0.001,0,1]},{"matrix":[-0.3826834323650902,0.9238795325112867,-1.1102230246251564e-16,0,-1.1102230246251565e-16,-4.440892098500626e-16,-1.0000000000000002,0,-0.9238795325112867,-0.38268343236509,0,0,-4.434621756054177,-1.8368804753524313,17.9989,1],"children":[392,393,394]},{"name":"SiVertexEndcapModule2_99","mesh":1},{"matrix":[1,0,0,0,0,1,0,0,0,0,1,0,0,-0.004,0,1]},{"matrix":[1,0,0,0,0,1,0,0,0,0,1,0,0,0.001,0,1]},{"matrix":[0.38268343236509,-0.9238795325112866,1.6653345369377346e-16,0,5.551115123125783e-17,0,1,0,-0.9238795325112866,-0.38268343236509017,0,0,-4.434621756054177,-1.8368804753524313,-17.9989,1],"children":[396,397,398]},{"name":"SiVertexEndcapModule2_100","mesh":1},{"matrix":[1,0,0,0,0,1,0,0,0,0,1,0,0,-0.004,0,1]},{"matrix":[1,0,0,0,0,1,0,0,0,0,1,0,0,0.001,0,1]},{"matrix":[-0.7071067811865475,0.7071067811865474,5.551115123125783e-17,0,-2.220446049250313e-16,0,-0.9999999999999999,0,-0.7071067811865475,-0.7071067811865476,3.3306690738754696e-16,0,-3.394112549695429,-3.3941125496954285,18.0011,1],"children":[400,401,402]},{"name":"SiVertexEndcapModule2_101","mesh":1},{"matrix":[1,0,0,0,0,1,0,0,0,0,1,0,0,-0.004,0,1]},{"matrix":[1,0,0,0,0,1,0,0,0,0,1,0,0,0.001,0,1]},{"matrix":[0.7071067811865477,-0.7071067811865475,0,0,0,0,1,0,-0.7071067811865475,-0.7071067811865477,0,0,-3.394112549695429,-3.3941125496954285,-18.0011,1],"children":[404,405,406]},{"name":"SiVertexEndcapModule2_102","mesh":1},{"matrix":[1,0,0,0,0,1,0,0,0,0,1,0,0,-0.004,0,1]},{"matrix":[1,0,0,0,0,1,0,0,0,0,1,0,0,0.001,0,1]},{"matrix":[-0.9238795325112865,0.38268343236509017,1.6653345369377348e-16,0,-8.326672684688674e-17,2.220446049250313e-16,-1,0,-0.38268343236509017,-0.9238795325112865,-2.220446049250313e-16,0,-1.8368804753524315,-4.434621756054177,17.9989,1],"children":[408,409,410]},{"name":"SiVertexEndcapModule2_103","mesh":1},{"matrix":[1,0,0,0,0,1,0,0,0,0,1,0,0,-0.004,0,1]},{"matrix":[1,0,0,0,0,1,0,0,0,0,1,0,0,0.001,0,1]},{"matrix":[0.9238795325112866,-0.3826834323650901,5.551115123125783e-17,0,5.551115123125783e-17,4.440892098500626e-16,0.9999999999999999,0,-0.3826834323650901,-0.9238795325112864,4.440892098500626e-16,0,-1.8368804753524315,-4.434621756054177,-17.9989,1],"children":[412,413,414]},{"name":"SiVertexEndcapModule2_104","mesh":1},{"matrix":[1,0,0,0,0,1,0,0,0,0,1,0,0,-0.004,0,1]},{"matrix":[1,0,0,0,0,1,0,0,0,0,1,0,0,0.001,0,1]},{"matrix":[-1,1.232595164407831e-32,1.224646799147353e-16,0,-1.224646799147353e-16,-2.220446049250313e-16,-1,0,1.232595164407831e-32,-1,2.220446049250313e-16,0,-2.939152317953648e-16,-4.800000000000001,18.0011,1],"children":[416,417,418]},{"name":"SiVertexEndcapModule2_105","mesh":1},{"matrix":[1,0,0,0,0,1,0,0,0,0,1,0,0,-0.004,0,1]},{"matrix":[1,0,0,0,0,1,0,0,0,0,1,0,0,0.001,0,1]},{"matrix":[1,0,0,0,0,2.220446049250313e-16,1,0,0,-1,2.220446049250313e-16,0,-2.939152317953648e-16,-4.800000000000001,-18.0011,1],"children":[420,421,422]},{"name":"SiVertexEndcapModule2_106","mesh":1},{"matrix":[1,0,0,0,0,1,0,0,0,0,1,0,0,-0.004,0,1]},{"matrix":[1,0,0,0,0,1,0,0,0,0,1,0,0,0.001,0,1]},{"matrix":[-0.9238795325112865,-0.38268343236509017,1.3877787807814457e-16,0,-1.942890293094024e-16,1.1102230246251565e-16,-1,0,0.38268343236509017,-0.9238795325112865,-2.220446049250313e-16,0,1.836880475352431,-4.434621756054177,17.9989,1],"children":[424,425,426]},{"name":"SiVertexEndcapModule2_107","mesh":1},{"matrix":[1,0,0,0,0,1,0,0,0,0,1,0,0,-0.004,0,1]},{"matrix":[1,0,0,0,0,1,0,0,0,0,1,0,0,0.001,0,1]},{"matrix":[0.9238795325112866,0.3826834323650901,-5.551115123125783e-17,0,-5.551115123125783e-17,4.440892098500626e-16,0.9999999999999999,0,0.3826834323650901,-0.9238795325112864,4.440892098500626e-16,0,1.836880475352431,-4.434621756054177,-17.9989,1],"children":[428,429,430]},{"name":"SiVertexEndcapModule2_108","mesh":1},{"matrix":[1,0,0,0,0,1,0,0,0,0,1,0,0,-0.004,0,1]},{"matrix":[1,0,0,0,0,1,0,0,0,0,1,0,0,0.001,0,1]},{"matrix":[-0.7071067811865475,-0.7071067811865475,2.220446049250313e-16,0,-5.551115123